SampleID	GH001	GH002	GH003	GH005	GH008	GH009	GH010	GH013	GH014	GH015	GH016	GH018	GH019	GH020	GH023	GH024	GH025	GH026	GH028	GH029	GH031	GH032	GH033	GH036	GH037	GH039	GH043	GH050	GH053	GH063	GH068	GH073	GH077	GH078	GH081	GH086	GH087	GH088	GH092	GH094	GH097	GH099	GH103	GH104	GH105	GH106	GH108	GH109	GH110	GH114	GH117	GH130	GH141	GH146	GH150	GH166	GH167	GH171	GH177	GH179	PL001	PL005	PL006	PL007	PL012	PL014	PL017	PL018	PL022	PL024	PL025	PL029	PL038	PL040	PL041	PL042
P_1131a	1	1	2	0	1	0	0	9	0	1	4	0	0	0	4	0	0	0	0	0	1	0	0	1	0	0	0	3	0	1	0	2	1	0	0	0	0	0	0	0	1	0	1	0	0	0	0	1	0	0	2	0	0	0	0	1	1	1	1	0	0	0	3	1	1	0	2	1	0	0	0	0	0	0	0	0
P_1161b	1	0	2	0	0	0	0	8	0	1	1	2	0	1	6	0	0	0	0	0	0	0	0	0	1	0	0	0	0	0	0	2	1	0	0	0	0	0	0	0	1	0	1	0	0	0	0	1	0	0	0	0	0	0	0	0	0	1	0	0	0	0	0	0	0	0	0	0	0	0	0	0	0	0	0	0
P_125	1	1	2	0	1	0	0	9	0	1	3	0	0	0	4	0	0	0	0	0	1	0	0	1	1	0	0	0	0	1	0	2	1	0	0	0	0	0	0	0	1	0	1	0	0	0	0	1	0	0	0	0	0	0	0	1	1	1	0	0	0	0	3	1	0	0	2	1	0	0	0	0	0	0	0	0
P_126	1	1	2	0	1	0	0	9	0	1	2	2	0	1	6	0	0	0	0	0	0	0	1	0	1	0	7	0	0	1	0	2	1	0	0	0	0	0	0	0	2	0	1	0	0	0	0	1	0	0	0	0	0	1	0	0	0	1	0	1	1	0	0	0	0	0	0	0	0	0	0	0	0	0	0	0
P_130	1	1	2	4	1	0	0	10	0	1	1	0	0	0	5	0	0	1	0	0	1	0	0	1	1	0	0	0	0	1	0	2	1	0	0	0	0	0	0	0	1	0	1	0	0	0	0	1	0	0	0	1	0	0	0	1	0	1	0	0	0	0	3	1	1	0	2	1	0	0	0	0	0	0	0	0
P_17a	1	1	2	0	2	0	3	9	0	1	3	0	0	0	4	0	0	0	0	0	1	0	0	1	1	0	2	0	0	1	0	2	1	0	0	0	0	0	0	0	1	0	1	0	0	0	0	2	0	0	0	0	0	0	0	1	1	1	0	0	0	0	3	1	0	0	2	1	0	0	0	0	0	0	0	0
P_1CM17D	1	1	2	0	1	0	0	10	0	1	4	0	0	0	4	0	0	0	0	0	1	0	0	1	1	0	0	3	0	1	0	2	1	0	0	0	0	0	0	0	1	0	1	0	0	0	0	1	0	0	2	0	0	0	0	1	0	1	0	0	0	0	3	1	0	0	2	1	0	0	0	0	0	0	0	0
P_2102	1	0	2	0	1	0	0	9	0	1	1	2	0	1	6	0	0	0	0	1	0	0	0	0	1	0	7	0	0	0	0	2	1	0	0	0	0	0	0	0	2	0	1	0	0	0	0	1	0	0	0	0	0	1	0	0	0	1	1	1	1	0	0	0	0	0	0	0	0	0	0	0	0	0	0	0
P_2103	1	0	2	0	1	0	0	9	0	1	1	2	0	1	6	0	0	0	0	1	0	0	0	0	1	0	7	0	0	0	0	2	1	0	0	0	0	0	0	0	2	0	1	0	0	0	0	1	0	0	0	0	0	1	0	0	0	1	1	1	1	0	0	0	0	0	0	0	0	0	0	0	0	0	0	0
P_2CM32C	2	1	5	0	1	1	0	10	0	1	1	0	0	1	4	0	0	0	0	0	1	0	0	1	0	0	0	0	0	1	0	2	1	0	0	0	0	0	0	0	1	0	1	0	0	0	0	1	0	0	0	0	0	0	0	1	0	1	0	0	0	0	3	1	0	0	2	0	0	0	0	0	0	0	0	0
P_2CM36K	1	0	2	0	0	0	0	8	0	1	0	0	0	0	5	0	0	0	0	0	0	0	0	0	0	0	0	0	0	1	0	2	1	0	0	0	0	0	0	0	1	0	1	0	0	0	0	1	0	0	0	0	0	0	0	0	0	1	0	0	0	0	0	0	0	1	0	0	0	0	0	0	0	0	0	0
P_2CM37A	1	1	2	0	1	0	0	11	0	1	5	0	1	0	4	0	0	0	0	0	1	0	0	1	1	0	0	0	0	1	0	2	1	0	0	0	0	0	0	0	1	0	1	0	0	0	0	1	0	0	0	0	0	0	0	0	0	1	0	0	0	0	3	1	0	0	2	1	0	0	0	0	0	0	0	0
P_2CM41L	2	1	3	0	1	0	0	10	0	1	5	0	0	0	4	0	0	0	0	0	1	0	0	1	1	0	0	0	0	1	0	2	1	0	0	0	0	0	0	0	1	0	1	0	0	0	1	1	0	0	0	0	0	0	0	1	0	1	0	0	0	0	3	1	0	0	2	1	0	0	0	0	0	0	0	0
P_303	1	3	2	0	1	0	0	9	0	1	1	2	0	2	6	0	0	0	0	0	1	0	0	0	2	0	8	0	0	0	0	2	1	0	0	0	0	0	0	0	2	0	1	0	0	0	0	1	0	0	0	0	0	1	0	0	0	1	0	1	0	0	0	0	0	0	0	0	0	0	0	0	0	0	0	0
P_802	1	0	2	0	1	0	0	9	0	1	1	2	0	1	6	0	0	0	0	1	0	0	0	0	1	0	7	0	0	0	0	2	1	0	0	0	0	0	0	0	2	0	1	0	0	0	0	1	0	0	0	0	0	1	0	0	0	1	1	1	1	0	0	0	0	0	0	0	0	0	0	0	0	0	0	0
P_A22	1	0	2	0	0	0	0	6	0	1	2	5	1	5	6	1	0	0	0	0	0	0	0	0	1	0	0	0	0	1	0	2	1	0	0	0	0	0	1	0	1	0	1	0	0	0	0	2	0	0	0	0	0	0	0	0	0	1	0	0	0	0	0	0	0	0	0	0	0	0	0	0	0	0	0	0
P_A25	1	0	2	1	0	0	0	7	0	1	0	4	1	2	6	2	1	0	0	0	0	0	0	0	1	0	0	0	0	0	0	2	1	0	0	0	0	0	0	0	1	0	1	0	0	0	0	1	0	0	0	0	0	0	0	0	0	1	1	0	0	1	0	0	1	0	0	0	0	0	0	0	0	0	0	0
P_AC163	2	1	3	1	1	0	0	10	0	0	1	0	0	0	4	0	0	0	0	0	2	0	0	1	0	0	0	0	0	0	1	2	1	0	0	0	0	0	0	0	1	0	1	0	0	0	0	1	0	0	0	0	0	0	0	2	0	1	0	0	0	0	4	1	0	0	2	1	0	0	0	0	0	0	0	0
P_ACER1	1	1	2	0	0	0	0	7	0	1	1	2	0	2	7	1	0	0	0	0	0	0	0	0	1	0	7	0	0	0	0	2	1	0	0	0	0	0	0	0	2	0	1	0	0	0	0	1	0	0	0	0	0	2	0	0	0	1	0	1	1	0	2	0	0	0	2	0	0	0	0	0	0	0	0	0
P_APAL1	2	0	3	0	1	0	0	9	0	1	2	2	0	1	5	0	0	0	0	1	0	0	1	0	1	0	7	0	0	1	0	2	1	0	1	0	0	0	0	0	1	0	1	0	0	0	0	1	0	0	0	0	0	1	0	0	0	1	1	1	0	0	0	0	0	0	0	0	0	0	0	0	0	0	0	0
P_APM04	1	2	4	0	1	1	0	9	0	1	1	0	0	0	4	0	0	0	0	0	0	0	0	1	0	0	0	0	0	0	0	2	1	0	0	0	0	0	0	0	1	0	1	0	0	0	0	0	0	0	0	0	0	0	0	1	0	1	0	0	0	0	3	1	0	0	2	0	0	0	0	0	0	0	0	0
P_B7P1	1	1	3	0	1	0	0	9	0	1	1	2	0	2	7	0	0	0	0	0	0	0	0	0	1	0	7	0	0	0	0	2	1	0	0	0	0	0	0	0	2	0	1	0	0	0	0	1	0	0	0	0	0	1	0	0	0	1	0	1	0	0	0	0	1	0	0	0	0	0	0	0	0	0	0	0
P_B95	0	0	2	1	0	0	0	7	0	2	1	9	2	3	6	3	0	0	0	0	0	0	0	0	1	0	0	0	0	0	0	2	1	0	0	0	0	0	2	0	1	0	1	0	0	0	2	1	0	0	0	0	0	0	0	0	0	1	0	0	0	0	0	0	0	0	0	0	0	0	0	1	0	0	0	0
P_BMB	1	0	2	0	0	0	0	6	0	1	2	6	1	5	6	1	0	0	0	0	0	0	0	0	1	0	0	0	0	1	0	2	1	0	0	0	0	0	1	0	1	0	1	0	0	0	0	2	0	0	0	0	0	0	0	0	0	1	0	0	0	0	0	0	0	0	0	0	0	0	0	0	0	0	0	0
P_BZA4	1	1	3	0	1	0	0	9	0	1	1	2	0	2	7	0	0	0	0	0	0	0	0	0	1	0	7	0	0	0	0	2	1	0	0	0	0	0	0	0	2	0	1	0	0	0	0	1	0	0	0	0	0	1	0	0	0	1	0	1	0	0	0	0	1	0	0	0	0	0	0	0	0	0	0	0
P_BZB3	0	0	2	0	0	0	0	6	0	0	1	2	2	1	6	0	0	0	0	0	1	0	0	0	0	0	0	0	0	0	0	2	1	0	0	0	0	0	2	0	0	0	1	0	0	0	0	1	0	0	0	0	0	0	0	0	0	1	0	0	0	0	0	0	1	0	0	0	0	0	0	0	0	0	0	0
P_BZK2	2	1	3	0	0	0	0	8	0	1	2	2	0	1	5	0	0	0	0	0	0	0	0	0	1	0	7	0	0	1	0	2	1	0	0	0	0	0	0	0	2	0	1	0	0	0	0	1	0	0	0	0	0	1	0	0	0	1	0	1	1	0	3	1	0	0	2	0	0	0	0	0	0	0	0	0
P_C2R02	1	1	5	0	0	0	0	6	1	0	1	2	1	2	6	0	0	0	0	0	1	0	0	0	1	0	0	0	0	1	0	2	1	0	0	0	0	0	0	1	0	0	2	0	0	0	0	2	0	0	0	0	0	0	0	0	0	0	0	1	0	0	0	0	0	0	0	0	0	0	0	0	0	0	1	0
P_CNAT218	1	0	2	0	0	0	0	7	0	1	1	3	1	4	5	0	0	0	0	0	0	0	0	0	0	0	0	0	0	0	0	2	1	0	0	0	0	0	0	0	1	0	1	0	0	0	0	1	0	1	0	0	0	0	0	1	0	1	0	0	0	0	0	0	0	0	0	0	0	0	0	0	0	0	0	0
P_CNAT2181	1	0	2	0	0	0	0	7	0	1	1	3	1	4	5	0	0	0	0	0	0	0	0	0	0	0	0	0	0	0	0	2	1	0	0	0	0	0	0	0	1	0	1	0	0	0	0	1	0	1	0	0	0	0	0	1	0	1	0	0	0	0	0	0	0	0	0	0	0	0	0	0	0	0	0	0
P_CNAT241	1	0	2	0	0	0	0	7	0	1	1	3	1	4	5	0	0	0	0	0	0	0	0	0	0	0	0	0	0	0	0	2	1	0	0	0	0	0	0	0	1	0	1	0	0	0	0	1	0	1	0	0	0	0	0	1	0	1	0	0	0	0	0	0	0	0	0	0	0	0	0	0	0	0	0	0
P_CNC920	1	0	2	0	0	0	0	7	0	1	1	3	1	4	5	0	0	0	0	0	0	0	0	0	0	0	0	0	0	0	0	2	1	0	0	0	0	0	0	0	1	0	1	0	0	0	0	1	0	1	0	0	0	0	0	1	0	1	0	0	0	0	0	0	0	0	0	0	0	0	0	0	0	0	0	0
P_CO109Y	1	1	2	0	1	0	0	9	0	1	1	2	0	1	5	0	0	0	0	1	0	0	0	0	1	0	7	0	0	0	0	2	1	0	0	0	0	0	0	0	2	0	1	0	0	0	0	1	0	0	0	0	0	1	0	0	0	1	1	2	1	0	0	0	0	0	0	0	0	0	0	0	0	0	0	0
P_CO133X	1	0	2	0	1	0	0	7	0	1	1	3	1	5	5	0	0	0	0	0	0	0	0	0	1	0	7	0	0	0	0	2	1	0	0	0	0	0	0	0	1	0	1	0	0	0	0	1	0	0	0	0	0	1	0	0	0	1	0	1	1	0	0	0	0	0	0	0	0	0	0	0	0	0	0	0
P_CO302Y	1	0	2	0	1	0	0	7	0	1	1	3	1	5	5	0	0	0	0	0	0	0	0	0	1	0	7	0	0	0	0	2	1	0	0	0	0	0	0	0	1	0	1	0	0	0	0	1	0	0	0	0	0	1	0	0	0	1	0	1	1	0	0	0	0	0	0	0	0	0	0	0	0	0	0	0
P_CO325X	1	0	2	0	0	0	0	7	0	1	1	3	1	4	5	0	0	0	0	0	0	0	0	0	0	0	0	0	0	0	0	2	1	0	0	0	0	0	0	0	1	0	1	0	0	0	2	1	0	1	0	0	0	0	0	1	0	1	0	1	0	0	0	0	0	0	0	0	0	0	0	0	0	0	0	0
P_CO342X	1	0	2	0	0	0	0	6	0	1	2	4	1	5	6	1	0	0	0	0	0	0	0	0	1	0	0	0	0	1	0	2	1	0	0	0	0	0	1	0	1	0	1	0	0	0	0	2	0	0	0	0	0	0	0	0	0	1	0	0	0	0	0	0	0	0	0	0	0	0	0	0	0	0	0	0
P_CO348	1	0	2	0	0	0	0	7	0	1	2	4	1	5	6	1	0	0	0	0	0	0	0	0	1	0	0	0	0	1	0	2	1	0	0	0	0	0	1	0	1	0	1	0	0	0	0	2	0	0	0	0	0	0	0	0	0	1	0	0	0	0	0	0	1	0	0	0	0	0	0	0	0	0	0	0
P_Cn537	1	1	2	0	0	0	0	7	0	1	2	2	0	1	6	0	0	0	0	0	0	0	0	0	1	0	7	0	0	0	0	2	1	0	0	0	0	0	0	0	2	0	1	0	0	0	0	1	0	0	0	0	0	1	0	0	0	1	0	1	1	0	0	0	0	0	0	0	0	0	0	0	0	0	0	0
P_CnMc713	1	0	2	0	0	0	0	7	0	1	1	3	1	4	5	0	0	0	0	0	0	0	0	0	0	0	0	0	0	0	0	2	1	0	0	0	0	0	0	0	1	0	1	0	0	0	1	1	0	1	0	0	0	0	0	1	0	1	0	0	0	0	0	0	0	0	0	0	0	0	0	0	0	0	0	0
P_CnMc715	1	0	2	0	0	0	0	7	0	1	1	3	1	4	5	0	0	0	0	0	0	0	0	0	0	0	0	0	0	0	0	2	1	0	0	0	0	0	0	0	1	0	1	0	0	0	1	1	0	1	0	0	0	0	0	1	0	1	0	0	0	0	0	0	0	0	0	0	0	0	0	0	0	0	0	0
P_CnMc737	1	1	2	0	1	0	0	9	0	1	1	2	0	1	6	0	0	0	0	1	0	0	0	0	1	0	7	0	0	1	0	2	1	0	0	0	0	0	0	0	2	0	1	0	0	0	0	1	0	0	0	0	0	1	0	0	0	1	1	2	1	0	0	0	0	0	0	0	0	0	0	0	0	0	0	0
P_D15MCD2	1	1	2	0	1	0	0	9	0	1	2	2	0	1	5	1	0	0	0	0	0	0	0	0	1	0	7	0	0	0	0	2	1	0	0	0	0	0	0	0	2	0	1	0	0	0	0	1	0	0	0	0	0	1	0	0	0	1	0	1	1	0	0	0	0	0	0	0	0	0	0	0	0	0	0	0
P_DL2H1	1	0	2	0	0	0	0	6	0	1	2	4	1	5	7	0	0	0	0	0	0	0	0	0	1	0	0	0	0	1	0	2	1	0	0	0	0	0	1	0	1	0	1	0	0	0	2	2	0	0	0	0	0	0	0	0	0	1	0	0	0	0	0	0	0	0	0	0	0	0	0	0	0	0	0	0
P_DL2H22	0	0	3	1	0	0	0	6	0	1	1	7	2	3	6	3	1	0	0	0	0	0	0	0	1	0	0	0	0	0	0	2	1	0	0	0	0	0	2	0	1	0	1	0	0	0	1	1	0	0	0	0	0	0	0	0	0	1	0	0	0	0	0	0	0	0	0	0	0	0	0	0	0	0	0	0
P_DL2H6	1	0	2	0	0	0	0	6	0	1	2	4	1	5	7	0	0	0	0	0	0	0	0	0	1	0	0	0	0	1	0	2	1	0	0	0	0	0	1	0	1	0	1	0	0	0	2	2	0	0	0	0	0	0	0	0	0	1	0	0	0	0	0	0	0	0	0	0	0	0	0	0	0	0	0	0
P_DSM17587	2	2	5	0	1	1	0	9	0	1	1	0	0	0	5	0	0	0	0	0	1	0	0	1	0	0	0	0	0	1	0	2	1	0	0	0	0	0	0	0	1	0	1	0	0	0	0	0	0	0	0	0	0	0	0	1	0	1	0	0	0	0	3	1	0	0	2	0	0	0	0	0	0	0	0	0
P_EB27	2	1	3	1	1	0	0	7	0	1	2	0	0	0	4	0	0	0	0	0	1	0	0	1	0	0	0	0	0	0	0	2	1	0	0	0	0	0	0	0	1	0	1	0	0	0	0	1	0	0	0	0	0	0	0	2	0	1	0	0	0	0	3	1	0	0	2	1	0	0	0	0	0	0	0	0
P_ECSMB14103	2	1	5	0	1	1	0	10	0	1	1	0	0	1	4	0	0	0	0	0	1	0	0	1	0	0	0	0	0	0	0	2	1	0	0	0	0	0	0	0	1	0	1	0	0	0	0	0	0	0	0	0	0	0	0	1	0	1	0	0	0	0	3	1	0	0	2	0	0	0	0	0	0	0	0	0
P_EKP108	2	1	5	2	2	1	3	9	0	1	2	0	1	0	4	0	0	0	1	0	1	1	0	1	1	0	3	3	0	0	1	2	1	0	0	0	0	0	0	0	1	0	1	0	2	0	0	3	0	0	2	0	0	0	0	1	0	1	0	0	3	0	3	1	0	0	2	1	0	0	0	0	0	0	0	0
P_FE4	2	0	3	0	1	0	0	9	0	1	3	2	0	2	5	0	0	0	0	0	0	0	0	0	1	0	7	0	0	0	0	2	1	0	0	0	0	0	0	0	2	0	1	0	0	0	0	1	0	0	0	0	0	1	0	0	0	1	0	2	0	0	0	0	0	0	0	0	0	0	0	0	0	0	0	1
P_G4	1	0	2	0	1	0	0	5	0	1	1	2	0	4	5	0	0	0	0	0	0	0	0	0	0	0	0	0	0	1	0	2	1	0	0	0	0	0	2	0	1	0	1	0	0	0	0	1	0	0	0	0	0	0	0	0	0	0	0	0	0	0	0	0	0	0	0	0	0	0	0	0	0	0	0	0
P_HMSA03	1	0	2	0	0	0	0	4	0	1	1	4	1	5	6	0	0	0	0	0	0	0	0	0	1	0	0	0	0	1	0	2	1	0	0	0	0	0	1	0	1	0	1	0	0	0	1	2	0	0	0	0	0	0	0	0	0	1	0	0	0	0	0	0	0	0	0	0	0	0	0	0	0	0	0	0
P_Hal040	1	1	2	0	1	0	0	11	0	1	3	2	0	1	3	1	0	0	0	0	0	0	0	0	1	0	7	3	0	0	0	2	1	0	0	0	1	0	0	0	3	0	1	0	0	0	1	1	0	0	2	0	0	1	0	0	0	1	0	0	0	0	0	0	1	0	0	0	0	0	0	0	0	0	0	0
P_JC28	1	0	2	0	0	0	0	6	0	1	2	4	1	5	6	0	0	0	0	0	0	0	0	0	1	0	0	0	0	1	0	2	1	0	0	0	0	0	1	0	1	0	1	0	0	0	3	2	0	0	0	0	0	0	0	0	0	1	0	0	0	0	0	0	0	0	0	0	0	0	0	0	0	0	0	0
P_JC3	1	0	2	0	0	0	0	6	0	1	2	4	1	5	7	0	0	0	0	0	0	0	0	0	1	0	0	0	0	1	0	2	1	0	0	0	0	0	1	0	1	0	1	0	0	0	0	2	0	0	0	0	0	0	0	0	0	1	0	0	0	0	0	0	0	0	0	0	0	0	0	0	1	0	0	0
P_JC31	1	0	2	0	0	0	0	6	0	1	2	4	1	5	7	0	0	0	0	0	0	0	0	0	1	0	0	0	0	1	0	2	1	0	0	0	0	0	1	0	1	0	1	0	0	0	0	2	0	0	0	0	0	0	0	0	0	1	0	0	0	0	0	0	0	0	0	0	0	0	0	0	1	0	0	0
P_JW3	1	0	2	1	0	0	0	7	0	1	1	4	1	2	6	2	1	0	0	0	0	0	0	0	1	0	0	0	0	1	0	2	1	0	0	0	0	0	0	0	1	0	1	0	0	0	0	1	0	0	0	0	0	0	0	0	0	1	0	1	0	0	0	0	0	0	0	0	0	0	0	0	0	0	0	0
P_KMM661	0	1	1	0	1	0	0	5	0	0	0	0	0	0	5	0	0	0	0	0	0	0	0	1	0	0	0	0	0	0	0	2	0	0	0	0	0	0	0	0	1	0	1	0	0	0	0	1	0	1	0	0	0	0	0	1	0	1	0	0	0	0	0	1	0	0	0	0	0	0	0	0	0	0	0	0
P_M1318928	2	0	3	0	1	0	0	9	0	1	3	2	0	2	5	1	0	0	0	0	0	1	0	0	1	0	8	0	0	0	0	2	1	0	0	0	0	0	0	0	2	0	1	0	0	0	0	1	0	0	0	0	0	1	0	0	0	1	0	1	0	0	0	0	0	0	0	0	0	0	0	0	0	0	0	0
P_M1400202	0	0	1	0	0	0	0	5	0	1	0	4	1	2	6	1	0	0	0	0	0	0	0	0	1	0	0	0	0	1	0	2	1	0	0	0	0	0	1	0	1	0	1	0	0	0	2	2	0	0	0	0	0	0	0	0	0	1	0	0	0	0	0	0	1	0	0	0	0	0	0	0	0	0	0	0
P_M8	1	0	2	0	0	0	0	7	0	1	2	4	1	5	7	0	0	0	0	0	0	0	0	0	1	0	0	0	0	1	0	2	1	0	0	0	0	0	1	0	1	0	1	0	0	0	0	2	0	0	0	0	0	0	0	0	0	1	0	0	0	0	0	0	0	0	0	0	0	0	0	0	1	0	0	0
P_MB47	1	1	2	0	0	0	0	8	0	1	2	2	0	2	5	0	0	0	0	0	0	0	0	0	1	0	7	0	0	0	0	2	1	0	0	0	0	0	0	0	2	0	1	0	0	0	0	1	0	0	0	0	0	1	0	0	0	1	0	1	1	0	3	1	0	0	2	0	0	0	0	0	0	0	0	0
P_MEBiC03607	2	0	3	0	1	0	0	9	0	1	2	2	0	1	6	0	0	0	0	1	0	0	0	0	1	0	7	0	0	0	0	2	1	0	1	0	0	0	0	0	2	0	1	0	0	0	0	1	0	0	0	0	0	1	0	0	0	1	1	1	0	0	0	0	0	0	0	0	0	0	0	0	0	0	0	0
P_MM172	1	0	2	0	0	0	0	7	0	1	1	3	1	1	5	0	0	0	0	0	0	0	0	0	0	0	0	0	0	0	0	2	1	0	0	0	0	0	0	0	1	0	1	0	0	0	1	1	0	1	0	0	0	0	0	1	0	1	0	0	0	0	0	0	0	0	0	0	0	0	0	0	0	0	0	0
P_MMG024	1	0	3	0	1	0	0	5	0	1	1	2	1	3	7	0	0	0	0	0	0	0	0	0	0	0	0	0	0	1	0	2	1	0	0	0	0	0	2	0	1	0	1	0	0	0	0	1	0	0	0	0	0	0	0	0	0	0	0	0	0	0	0	0	0	0	0	0	0	0	0	0	0	0	0	0
P_McH142	0	0	3	1	0	0	0	5	0	1	1	7	2	3	6	1	1	0	0	0	0	0	0	0	1	0	0	0	0	0	0	2	1	0	0	0	0	0	2	0	1	0	1	0	0	0	0	1	0	0	0	0	0	0	0	0	0	1	0	1	0	0	0	0	0	0	0	0	0	0	0	0	0	0	0	0
P_McH17	0	0	1	1	0	0	0	5	0	1	0	5	1	3	6	3	0	0	0	0	0	0	0	0	1	0	0	0	0	0	0	2	1	0	0	0	0	0	0	0	1	0	1	0	0	0	1	1	0	0	0	0	0	0	0	0	0	1	0	0	0	0	0	0	0	0	0	0	0	0	0	0	1	0	0	0
P_N12309	1	0	2	0	1	0	0	7	0	1	1	3	1	5	5	0	0	0	0	0	0	0	0	0	1	0	7	0	0	0	0	2	1	0	0	0	0	0	0	0	1	0	1	0	0	0	0	1	0	0	0	0	0	1	0	0	0	1	0	1	1	0	0	0	0	0	0	0	0	0	0	0	0	0	0	0
P_NBRC102222	2	1	5	0	2	1	3	9	0	1	1	0	0	0	5	0	0	0	0	0	1	0	0	1	1	0	2	0	0	0	0	2	1	0	0	0	0	0	0	0	1	0	1	0	0	0	0	2	0	0	0	0	0	0	0	1	0	1	0	0	0	0	3	1	0	0	2	1	0	0	0	0	0	0	0	0
P_NBRC12985	2	2	3	1	1	0	0	7	0	1	7	0	0	0	4	0	0	0	0	0	1	1	0	1	0	0	0	0	0	0	1	2	1	0	0	0	0	0	0	0	1	0	1	0	0	0	0	2	2	0	0	0	0	0	2	1	1	1	0	0	0	0	3	1	0	0	2	1	0	0	0	0	0	0	0	0
P_NJ631	1	0	2	0	0	0	0	6	0	1	2	5	1	5	6	1	0	0	0	0	0	0	0	0	1	0	0	0	0	1	0	2	1	0	0	0	0	0	1	0	1	0	1	0	0	0	0	2	0	0	0	0	0	0	0	0	0	1	0	0	0	0	0	0	0	0	0	0	0	0	0	0	0	0	0	0
P_OANN1	1	0	2	0	0	0	0	6	0	1	2	5	1	5	6	1	0	0	0	0	0	0	0	0	1	0	0	0	0	1	0	2	1	0	0	0	0	0	1	0	1	0	1	0	0	0	0	2	0	0	0	0	0	0	0	0	0	1	1	0	0	0	0	0	0	0	0	0	0	0	0	0	0	0	0	0
P_OF5H5	1	0	2	0	0	0	0	6	0	1	2	4	1	5	7	0	0	0	0	0	0	0	0	0	1	0	0	0	0	1	0	2	1	0	0	0	0	0	1	0	1	0	1	0	0	0	2	2	0	0	0	0	0	0	0	0	0	1	0	0	0	0	0	0	0	0	0	0	0	0	0	0	0	0	0	0
P_OF7H1	1	0	2	0	0	0	0	7	0	1	2	4	1	5	7	1	0	0	0	0	0	0	0	0	1	0	0	0	0	1	0	2	1	0	0	0	0	0	1	0	1	0	1	0	0	0	0	2	0	0	0	0	0	0	0	0	0	1	0	0	0	0	0	0	0	0	0	0	0	0	0	0	0	0	0	0
P_OFAV1	2	0	3	0	1	0	0	9	0	1	2	2	0	1	5	0	0	0	0	1	0	0	0	0	1	0	7	0	0	0	0	3	1	0	0	0	0	0	0	0	1	0	1	0	0	0	0	1	0	0	0	0	0	1	0	0	0	1	1	1	0	0	0	0	0	0	0	0	0	0	0	0	0	0	0	0
P_OOF1S7	0	0	3	1	0	0	0	6	0	1	1	8	1	4	6	2	1	0	0	0	0	0	0	0	1	0	0	0	0	0	0	2	1	0	0	0	0	0	2	0	1	0	1	0	0	0	0	1	0	0	0	0	0	0	0	0	0	1	0	0	0	0	0	0	0	0	0	0	0	0	0	0	0	0	0	0
P_Of11M6	1	0	2	0	0	0	0	6	0	1	2	4	1	5	6	0	0	0	0	0	0	0	0	0	1	0	0	0	0	1	0	2	1	0	0	0	0	0	1	0	1	0	1	0	0	0	0	2	0	0	0	0	0	0	0	0	0	1	0	0	0	0	0	0	1	0	0	0	0	0	0	0	0	0	0	0
P_Of5H6	1	0	2	0	0	0	0	6	0	1	2	4	1	5	7	0	0	0	0	0	0	0	0	0	1	0	0	0	0	1	0	2	1	0	0	0	0	0	1	0	1	0	1	0	0	0	2	2	0	0	0	0	0	0	0	0	0	1	0	0	0	0	0	0	0	0	0	0	0	0	0	0	0	0	0	0
P_Of7M16	0	0	2	1	0	0	0	7	0	2	1	9	2	3	7	4	0	0	0	0	0	0	0	0	1	0	0	0	0	0	0	2	1	0	0	0	0	0	2	0	1	0	1	0	0	0	0	1	0	0	0	0	0	0	0	0	0	1	0	1	0	0	0	0	0	0	0	0	0	0	0	1	0	0	0	0
P_P111	1	1	2	0	1	0	0	9	0	1	4	0	0	0	5	0	0	0	0	0	1	0	0	1	1	0	0	0	0	1	0	2	1	0	0	0	0	0	0	0	1	0	1	0	0	0	0	1	0	0	0	0	0	0	0	1	1	1	0	0	0	0	3	1	0	0	2	1	0	0	0	0	0	0	0	0
P_P18	1	1	2	0	1	0	0	9	0	1	2	2	0	1	5	0	0	0	0	0	0	0	0	0	1	0	7	0	0	0	0	2	1	0	0	0	0	0	0	0	2	0	1	0	0	0	0	1	0	0	0	0	1	1	0	0	0	1	0	1	1	0	0	0	0	0	0	0	0	0	0	0	0	0	0	0
P_P19	1	0	3	0	1	0	0	7	0	1	1	2	1	3	6	0	0	0	0	0	0	0	0	0	0	0	0	0	0	1	0	2	1	0	0	0	0	0	2	0	1	0	1	0	0	0	0	1	0	0	0	0	0	0	0	0	0	0	0	0	0	0	0	0	0	0	0	0	0	0	0	0	0	0	0	0
P_P94	0	0	2	1	0	0	0	7	0	2	1	9	2	3	6	2	0	0	0	0	0	0	0	0	1	0	0	0	0	0	0	2	1	0	0	0	0	0	2	0	1	0	1	0	0	0	1	1	0	0	0	0	0	0	0	0	0	1	0	1	0	0	0	0	0	0	0	0	0	0	0	1	0	0	0	0
P_PA2MD11	1	1	3	0	0	0	0	8	0	1	2	2	0	1	5	0	0	0	0	0	0	0	0	0	1	0	1	3	0	0	0	2	1	0	0	0	0	0	0	0	1	0	1	0	0	0	0	1	0	0	2	0	0	0	0	0	0	1	0	2	1	0	2	0	0	0	2	0	0	0	0	0	0	0	0	0
P_PAST1	1	1	2	0	0	0	0	7	0	1	1	2	0	1	7	1	0	0	0	0	0	0	0	0	1	0	7	0	0	0	0	2	1	0	0	0	0	0	0	0	2	0	1	0	0	0	0	1	0	0	0	0	0	1	0	0	0	1	0	1	1	0	2	0	0	0	2	0	0	0	0	0	0	0	0	0
P_PPB1	0	0	3	1	0	0	0	5	0	1	1	7	2	3	6	1	1	0	0	0	0	0	0	0	1	0	0	0	0	0	0	2	1	0	0	0	0	0	2	0	1	0	1	0	0	0	0	1	0	0	0	0	0	0	0	0	0	1	0	1	0	0	0	0	0	0	0	0	0	0	0	0	0	0	0	0
P_Ps84H4	2	0	3	0	1	0	0	9	0	1	2	2	0	0	7	0	0	0	0	1	0	0	0	0	1	0	7	0	0	0	0	2	1	0	0	0	0	0	0	0	1	0	1	0	0	0	1	1	0	0	0	0	0	1	0	0	0	1	1	1	0	0	0	0	0	0	0	0	0	0	0	0	0	0	0	0
P_R96	0	0	3	1	0	0	0	5	0	1	1	8	2	3	6	2	1	0	0	0	0	0	0	0	1	0	0	0	0	0	0	2	1	0	0	0	0	0	2	0	1	0	1	0	0	0	0	1	0	0	0	0	0	0	0	0	0	1	0	1	0	0	0	0	1	0	0	0	0	0	0	0	0	0	0	0
P_S2893	1	1	2	0	1	0	0	9	0	1	1	0	0	0	4	0	0	0	0	0	1	0	0	1	0	0	0	0	0	1	0	2	1	0	0	0	0	0	0	0	1	0	1	0	0	0	0	1	0	0	0	0	0	0	0	1	0	1	0	0	0	0	3	1	0	0	2	1	0	0	0	0	0	0	0	0
P_S3173	1	0	3	0	0	0	0	7	0	1	4	2	0	1	5	0	0	0	0	0	0	0	0	0	1	0	0	0	0	0	0	2	1	0	0	0	0	0	0	0	1	0	1	0	0	0	1	1	0	0	0	0	0	0	0	0	0	1	0	0	0	0	0	0	0	0	0	0	0	0	0	0	0	0	0	0
P_S3178	2	1	3	1	1	0	0	7	0	1	7	0	0	0	4	0	0	0	0	0	1	0	0	1	1	0	0	3	0	1	0	2	1	0	0	2	0	0	0	0	1	0	1	0	0	0	0	1	0	0	2	0	0	0	0	1	1	1	0	0	0	0	3	1	0	0	2	2	0	0	0	0	0	0	0	0
P_S3260	1	0	3	0	0	0	0	8	0	1	1	0	0	0	5	0	0	0	0	0	0	1	1	0	0	0	0	0	0	0	0	2	1	0	0	0	0	0	0	0	1	0	1	0	0	0	1	1	0	0	0	0	0	0	0	0	0	1	0	0	0	0	0	0	0	0	0	0	0	0	0	0	0	0	0	0
P_SCSIO11900	0	0	1	0	0	0	0	7	0	1	0	0	0	0	6	0	0	0	0	0	0	0	0	0	0	0	0	0	0	1	0	2	1	0	0	0	0	0	0	0	1	0	1	0	0	0	0	0	0	0	0	0	0	0	0	0	0	1	0	0	0	0	0	0	0	0	0	0	0	0	0	0	0	0	0	0
P_SCSIO43088	1	2	2	0	1	0	0	9	0	1	2	2	0	1	7	1	0	0	0	0	0	0	0	0	1	0	6	0	1	1	0	1	1	0	0	0	0	0	0	0	2	0	1	0	0	0	0	1	0	0	0	0	0	1	0	0	0	1	0	1	0	0	0	0	0	0	0	0	0	0	0	0	0	0	0	0
P_SCSIO43101	2	0	3	0	1	0	0	9	0	1	3	1	0	1	6	0	0	0	0	0	0	0	0	0	1	0	6	0	0	0	0	2	1	0	0	0	0	0	0	0	2	0	1	0	0	0	0	1	0	0	0	0	0	1	0	0	0	1	0	1	0	0	0	0	1	0	0	0	0	0	0	0	0	0	0	0
P_SCSIO43201	0	0	1	1	0	0	0	5	0	1	0	5	1	3	6	2	0	0	0	0	0	0	0	0	1	0	0	0	0	0	0	2	1	0	0	0	0	0	0	0	1	0	1	0	0	0	1	1	0	0	0	0	0	0	0	0	0	1	0	0	0	0	0	0	0	0	0	0	0	0	0	0	1	0	0	0
P_SDCH90	1	1	2	0	1	0	0	9	0	1	1	2	0	1	7	1	0	0	0	1	0	0	0	0	1	0	7	0	0	0	0	2	1	0	0	0	0	0	0	0	2	0	1	0	0	0	0	1	0	0	0	0	0	1	0	0	0	1	1	1	0	0	0	0	0	0	0	0	0	0	0	0	0	0	0	1
P_SG411	2	0	4	0	0	0	0	11	0	1	2	2	0	3	6	0	0	0	1	0	0	2	0	0	1	0	8	0	0	1	0	2	1	0	0	0	0	0	0	0	1	0	1	0	3	0	0	2	0	0	0	0	0	1	0	0	0	1	1	0	4	0	0	0	0	0	0	0	0	0	0	0	0	0	0	0
P_SG412	2	0	4	1	0	0	0	10	0	1	2	2	0	1	6	0	0	0	1	0	0	1	0	0	1	0	8	0	0	1	0	2	1	0	0	0	0	0	0	0	2	1	1	0	2	0	0	2	0	0	0	0	0	1	0	0	0	1	1	1	4	0	0	0	1	0	0	0	0	0	0	0	0	0	0	0
P_SG415	2	0	4	1	0	0	0	12	0	1	2	2	0	1	6	0	0	0	1	0	0	1	0	0	1	0	8	0	0	2	0	2	1	0	0	0	0	0	0	0	2	1	1	0	3	0	0	2	0	0	0	0	0	1	0	0	0	1	1	1	3	0	0	0	0	0	0	0	0	0	0	0	0	0	0	0
P_SG416	0	0	1	0	1	0	0	8	0	1	0	2	0	1	6	0	0	0	0	0	0	0	0	0	0	0	0	0	0	0	0	2	1	0	0	0	0	0	0	0	1	0	1	0	0	0	1	0	0	0	0	0	0	0	0	0	0	1	0	0	0	0	2	0	0	0	2	0	0	0	0	0	0	0	0	0
P_SG418	2	0	4	1	0	0	0	11	0	1	2	2	0	1	6	0	0	0	1	0	0	1	0	0	1	0	8	0	0	1	0	2	1	0	0	0	0	0	0	0	2	1	1	0	2	0	0	2	0	0	0	0	0	1	0	0	0	1	1	1	4	0	0	0	1	0	0	0	0	0	0	0	0	0	0	0
P_SG431	2	1	3	1	1	0	0	7	0	1	1	0	0	0	4	1	0	0	0	0	1	0	0	1	1	0	0	0	0	0	0	2	1	0	0	0	0	0	0	0	1	0	1	0	0	0	0	2	0	0	0	0	0	0	0	2	0	1	0	0	0	0	3	1	0	0	2	1	0	0	0	0	0	0	0	0
P_SG433	2	1	3	1	1	0	0	7	0	1	1	0	1	0	4	0	0	0	0	0	1	0	0	1	1	0	0	0	0	0	0	2	1	0	0	0	0	0	0	0	1	0	1	0	0	0	0	2	0	0	0	0	0	0	0	2	0	1	0	0	0	0	3	1	0	0	2	1	0	0	0	0	0	0	0	0
P_SG434	2	1	3	1	1	0	0	9	0	1	1	0	1	0	4	0	0	0	0	0	1	0	0	1	1	0	0	0	0	1	0	2	1	0	0	0	0	0	0	0	1	0	1	0	0	0	0	2	0	0	0	0	0	0	0	2	0	1	0	0	0	0	3	1	0	0	2	1	0	0	0	0	0	0	0	0
P_SG435	2	1	5	2	1	1	0	7	0	1	1	0	0	0	5	0	0	0	0	0	1	1	0	1	0	1	1	0	0	1	1	2	1	4	0	0	0	1	0	0	1	0	1	0	1	1	0	2	0	0	0	0	0	0	0	1	0	1	0	0	0	0	3	1	0	0	2	1	0	1	2	0	0	1	0	1
P_SG436	2	0	4	1	0	0	0	11	0	1	2	2	0	1	5	0	0	0	1	0	0	1	0	0	1	0	8	0	0	1	0	2	1	0	0	0	0	0	0	0	2	1	1	0	2	0	0	2	0	0	0	0	0	1	0	0	0	1	1	1	4	0	0	0	1	0	0	0	0	0	0	0	0	0	0	0
P_SG437	2	0	4	1	0	0	0	11	0	1	2	2	0	1	6	0	0	0	1	0	0	1	0	0	1	0	8	0	0	1	0	2	1	0	0	0	0	0	0	0	2	1	1	0	2	0	1	2	0	0	0	0	0	1	0	0	0	1	1	1	4	0	0	0	0	0	0	0	0	0	0	0	0	0	0	0
P_SG438	2	1	5	1	2	1	2	8	0	1	1	0	1	0	5	0	0	0	0	0	1	1	0	1	1	0	2	0	0	0	1	2	1	0	0	0	0	0	0	0	1	0	1	0	0	0	0	3	0	0	0	0	0	0	0	1	0	1	0	0	0	0	3	1	0	0	2	1	0	0	0	0	0	0	0	0
P_SG441	2	0	4	1	0	0	0	10	0	1	2	2	0	1	6	0	0	0	1	0	0	1	0	0	1	0	8	0	0	1	0	2	1	0	0	0	0	0	0	0	2	1	1	0	3	0	0	2	0	0	0	0	0	1	0	0	0	1	1	1	4	0	0	0	0	0	0	0	0	0	0	0	0	0	0	0
P_SG4417	2	0	4	0	0	0	0	11	0	1	2	2	0	3	5	0	0	0	1	0	0	2	0	0	1	0	0	0	0	0	0	2	1	0	0	0	0	0	0	1	1	0	1	0	1	0	0	2	0	0	0	0	0	0	0	0	0	1	1	1	5	0	0	0	0	0	0	0	0	0	0	0	0	0	0	0
P_SG444	0	0	1	0	1	0	0	8	0	1	0	2	0	1	6	0	0	0	0	0	0	0	0	0	0	0	0	0	0	0	0	2	1	0	0	0	0	0	0	0	1	0	1	0	0	0	1	0	0	0	0	0	0	0	0	0	0	1	0	0	0	0	2	0	0	0	2	0	0	0	0	0	0	0	0	0
P_SG445	0	1	1	0	1	0	0	4	0	0	0	0	0	0	5	0	0	0	0	0	0	0	1	0	0	0	0	0	0	1	0	2	0	0	0	0	0	0	0	0	2	0	1	0	0	0	0	0	0	1	0	0	0	0	0	1	0	1	0	0	0	0	2	1	0	0	2	0	0	0	0	0	0	0	0	0
P_SG448	2	0	4	0	0	0	0	11	0	1	2	2	0	3	5	0	0	0	1	0	0	2	0	0	1	0	0	0	0	0	0	2	1	0	0	0	0	0	0	1	1	0	1	0	1	0	0	2	0	0	0	0	0	0	0	0	0	1	1	1	5	0	0	0	0	0	0	0	0	0	0	0	0	0	0	0
P_SG451	2	1	3	1	1	0	0	8	0	1	1	0	1	0	4	0	0	0	0	0	1	1	0	1	1	0	0	0	0	0	1	2	1	0	0	0	0	0	0	0	1	0	1	0	0	0	0	1	0	0	0	0	0	0	0	2	0	1	0	0	0	0	3	1	0	0	2	1	0	0	0	0	0	0	0	0
P_SG452	2	1	3	1	1	0	0	7	0	1	1	0	1	0	4	0	0	0	0	0	1	0	0	1	1	0	0	0	0	0	0	2	1	0	0	0	0	0	0	0	1	0	1	0	0	0	0	2	0	0	0	0	0	0	0	2	0	1	0	0	0	0	3	1	0	0	2	1	0	0	0	0	0	0	0	0
P_SG453	2	1	3	1	1	0	0	7	0	1	1	0	1	0	4	0	0	0	0	0	1	0	0	1	1	0	0	0	0	0	0	2	1	0	0	0	0	0	0	0	1	0	1	0	0	0	0	2	0	0	0	0	0	0	0	2	0	1	0	0	0	0	3	1	0	0	2	1	0	0	0	0	0	0	0	0
P_SG455	0	0	1	0	1	0	0	8	0	1	0	2	0	1	6	0	0	0	0	0	0	0	0	0	0	0	0	0	0	0	0	2	1	0	0	0	0	0	0	0	1	0	1	0	0	0	1	0	0	0	0	0	0	0	0	0	0	1	0	0	0	0	2	0	0	0	2	0	0	0	0	0	0	0	0	0
P_SG456	2	1	3	1	1	0	0	7	0	1	1	0	1	0	4	0	0	0	0	0	1	0	0	1	1	0	0	0	0	0	0	2	1	0	0	0	0	0	0	0	1	0	1	0	0	0	0	2	0	0	0	0	0	0	0	2	0	1	0	0	0	0	3	1	0	0	2	1	0	0	0	0	0	0	0	0
P_SK18	1	0	2	0	0	0	0	7	0	1	1	2	0	1	5	0	0	0	0	0	0	0	0	0	1	0	0	0	0	0	0	2	1	0	0	0	0	0	0	0	1	0	1	0	0	0	0	1	0	0	0	0	0	0	0	0	0	1	0	0	0	0	0	0	0	0	0	0	0	0	0	0	0	0	0	0
P_SK20	1	1	2	0	0	0	0	8	0	1	1	0	0	0	6	0	0	0	0	0	0	0	0	1	1	0	0	0	0	0	0	2	1	0	0	0	0	0	0	0	1	0	1	0	0	0	0	1	0	0	0	0	0	0	0	0	0	1	0	0	0	0	0	0	0	0	0	0	0	0	0	0	0	0	0	0
P_SMS1	0	0	2	1	0	0	0	6	0	2	1	8	2	2	6	2	0	0	0	0	0	0	0	0	1	0	0	0	0	0	0	2	1	0	0	0	0	0	2	0	1	0	1	0	0	0	0	1	0	0	0	0	0	0	0	0	0	1	0	0	0	0	0	0	0	0	0	0	1	0	0	1	0	0	0	0
P_SR411	2	1	3	1	1	0	0	7	0	1	1	0	0	0	4	0	0	0	0	0	1	0	0	1	0	0	0	0	0	1	0	2	1	0	0	0	0	0	0	0	1	0	1	0	0	0	0	2	0	0	0	0	0	0	0	2	0	1	0	0	0	0	3	1	0	0	2	1	0	0	0	0	0	0	0	0
P_SR414	2	0	4	0	0	0	0	11	0	1	2	2	0	3	5	0	0	0	1	0	0	2	0	0	1	0	7	0	0	1	0	2	1	0	0	0	0	0	0	0	2	0	1	0	3	0	2	2	0	0	0	0	0	1	0	0	0	1	1	1	4	0	3	1	0	0	2	1	0	0	0	0	0	0	0	0
P_SR415	2	1	5	1	2	1	2	8	0	1	1	0	1	0	5	0	0	0	0	0	1	1	0	1	1	0	2	0	0	0	1	2	1	0	0	0	0	0	0	0	1	0	1	0	0	0	0	3	0	0	0	0	0	0	0	1	0	1	0	0	0	0	3	1	0	0	2	1	0	0	0	0	0	0	0	0
P_SR416	2	0	4	1	0	0	0	11	0	1	2	2	0	1	6	0	0	0	1	0	0	1	0	0	1	0	8	0	0	1	0	2	1	0	0	0	0	0	0	0	2	1	1	0	2	0	0	2	0	0	0	0	0	1	0	0	0	1	1	1	4	0	0	0	1	0	0	0	0	0	0	0	0	0	0	0
P_SR417	2	1	3	1	1	0	0	7	0	1	1	0	1	0	4	0	0	0	0	0	1	0	0	1	1	0	0	0	0	0	0	2	1	0	0	0	0	0	0	0	1	0	1	0	0	0	0	2	0	0	0	0	0	0	0	2	0	1	0	0	0	0	3	1	0	0	2	1	0	0	0	0	0	0	0	0
P_SR418	2	0	4	0	0	0	0	11	0	1	2	2	0	3	5	1	0	0	1	0	0	2	0	0	1	0	0	0	0	0	0	2	1	0	0	0	0	0	0	1	1	0	1	0	1	0	0	2	0	0	0	0	0	0	0	0	0	1	1	0	5	0	0	0	0	0	0	0	0	0	0	0	0	0	0	0
P_SR432	2	1	5	2	2	1	2	8	0	1	4	0	1	0	4	0	0	0	0	0	1	0	0	1	1	1	3	0	0	0	0	2	1	4	0	0	0	1	0	0	1	0	1	0	1	1	0	1	0	0	0	0	0	0	0	1	0	1	0	1	0	0	3	1	0	0	2	1	0	1	2	0	0	1	0	1
P_SR433	2	1	3	1	1	0	0	9	0	1	1	0	0	0	5	0	0	0	0	0	1	2	0	1	0	0	0	0	0	1	1	2	1	0	0	0	0	0	0	0	1	0	1	0	0	0	0	2	0	0	0	0	0	0	0	1	0	1	0	0	0	0	3	1	0	0	2	1	0	0	0	0	0	0	0	0
P_SR435	2	1	3	1	1	0	0	9	0	1	1	0	0	0	5	1	0	0	0	0	1	1	0	1	0	0	0	0	0	1	1	2	1	0	0	0	0	0	0	0	1	0	1	0	0	0	0	2	0	0	0	0	0	0	0	2	0	1	0	0	0	0	3	1	0	0	2	1	0	0	0	0	0	0	0	0
P_SR436	2	1	5	1	2	1	2	8	0	1	1	0	1	0	4	0	0	0	0	0	1	1	0	1	1	0	2	0	0	0	1	2	1	0	0	0	0	0	0	0	1	0	1	0	0	0	0	3	0	0	0	0	0	0	0	1	0	1	0	0	0	0	3	1	0	0	2	1	0	0	0	0	0	0	0	0
P_SR437	2	1	5	1	2	1	2	8	0	1	1	0	0	0	4	1	0	0	0	0	1	0	0	1	1	0	2	0	0	0	0	2	1	0	0	0	0	0	0	0	1	0	1	0	0	0	0	2	0	0	0	0	0	0	0	1	0	1	0	0	0	0	3	1	0	0	2	1	0	0	0	0	0	0	0	0
P_SR442	2	1	4	1	1	0	0	8	0	1	1	0	0	0	4	0	0	0	1	0	1	3	0	1	1	0	1	0	0	0	1	2	1	0	0	0	0	0	0	0	1	0	1	0	2	0	0	2	0	0	0	0	0	0	0	1	0	1	0	0	3	0	3	1	0	0	2	1	0	0	0	0	0	0	0	0
P_SR445	2	0	4	1	0	0	0	11	0	1	2	2	0	1	6	0	0	0	1	0	0	1	0	0	1	0	8	0	0	1	0	2	1	0	0	0	0	0	0	0	2	1	1	0	2	0	0	2	0	0	0	0	0	1	0	0	0	1	1	1	4	0	0	0	0	0	0	0	0	0	0	0	0	0	0	0
P_SR448	2	0	4	0	0	0	0	11	0	1	2	2	0	3	5	0	0	0	1	0	0	2	0	0	1	0	8	0	0	0	0	2	1	0	0	0	0	0	0	1	2	0	1	0	3	0	0	2	0	0	0	0	0	1	0	0	0	1	1	1	4	0	0	0	0	0	0	0	0	0	0	0	0	0	0	0
P_SR451	2	1	3	1	1	0	0	7	0	1	2	0	0	0	4	0	0	0	0	0	1	0	0	1	1	0	0	0	0	1	0	2	1	0	0	0	0	0	0	0	1	0	1	0	0	0	0	2	0	0	0	0	0	0	0	2	0	1	0	0	0	0	3	1	0	0	2	1	0	0	0	0	0	0	0	0
P_SR454	0	0	1	0	0	0	0	5	0	0	0	0	0	0	5	0	0	0	0	0	0	0	0	0	0	0	0	0	0	0	0	2	0	0	0	0	0	0	0	0	1	0	1	0	0	0	0	0	0	1	0	0	0	0	0	1	0	1	0	0	0	0	0	0	0	0	0	0	0	0	0	0	0	0	0	0
P_SR455	2	1	3	1	1	0	0	8	0	1	1	0	0	0	4	0	0	0	0	0	1	1	0	1	1	0	0	0	0	1	1	2	1	0	0	0	0	0	0	0	1	0	1	0	0	0	1	1	0	0	0	0	0	0	0	2	0	1	0	0	0	0	3	1	0	0	2	1	0	0	0	0	0	0	0	0
P_SR456	2	0	4	1	0	0	0	11	0	1	2	2	0	1	6	0	0	0	1	0	0	1	0	0	1	0	8	0	0	1	0	2	1	0	0	0	0	0	0	0	2	1	1	0	2	0	1	2	0	0	0	0	0	1	0	0	0	1	1	1	4	0	0	0	1	0	0	0	0	0	0	0	0	0	0	0
P_SW010604	1	0	2	0	0	0	0	7	0	1	1	3	1	3	5	1	0	0	0	0	0	0	0	0	0	0	0	0	0	0	0	2	1	0	0	0	0	0	0	0	1	0	1	0	0	0	0	1	0	1	0	0	0	0	0	1	0	1	0	0	0	0	0	0	0	0	0	0	0	0	0	0	0	0	0	0
P_Scap03	1	0	2	0	0	0	0	8	0	1	1	2	0	1	6	0	0	0	0	0	0	0	0	0	1	0	0	0	0	0	0	2	1	0	0	0	0	0	0	0	1	0	1	0	0	0	0	1	0	0	0	0	0	0	0	0	0	1	0	0	0	0	0	0	1	0	0	0	0	0	1	0	0	0	0	0
P_SiA1	1	0	3	0	0	0	0	7	0	1	5	2	0	1	5	0	0	0	0	0	0	0	0	0	1	0	0	0	0	0	0	2	1	0	0	0	0	0	0	0	1	0	1	0	0	0	1	1	0	0	0	0	0	0	0	0	0	1	0	0	0	0	0	0	0	0	0	0	0	0	0	0	0	0	0	0
P_TB25	2	1	3	1	1	0	0	10	0	1	1	0	0	0	4	0	0	0	0	0	2	1	0	1	0	0	0	0	0	0	1	2	1	0	0	0	0	0	0	0	1	0	1	0	0	0	0	1	0	0	0	0	0	0	0	2	0	1	0	0	0	0	4	1	0	0	2	1	0	0	0	0	0	0	0	0
P_UG31	1	0	2	0	0	0	0	6	0	1	1	2	1	1	5	0	0	0	0	0	0	0	0	0	1	0	0	0	0	0	0	2	1	0	0	0	0	0	0	0	1	0	1	0	0	0	0	2	0	0	0	0	0	0	0	0	0	1	0	0	0	0	0	0	0	0	0	0	0	0	0	0	0	0	0	0
P_UG32	1	0	2	0	0	0	0	6	0	1	1	2	1	1	5	0	0	0	0	0	0	0	0	0	1	0	0	0	0	0	0	2	1	0	0	0	0	0	0	0	1	0	1	0	0	0	0	2	0	0	0	0	0	0	0	0	0	1	0	0	0	0	0	0	0	0	0	0	0	0	0	0	0	0	0	0
P_XMcav11Q	1	0	2	0	0	0	0	6	0	1	2	4	1	5	6	0	0	0	0	0	0	0	0	0	1	0	0	0	0	1	0	2	1	0	0	0	0	0	1	0	1	0	1	0	0	0	0	2	0	0	0	0	0	0	0	0	0	1	0	0	0	0	0	0	0	0	0	0	0	0	0	0	1	0	0	0
P_XMcav2N	0	0	3	1	0	0	0	6	0	1	1	8	1	3	6	1	1	0	0	0	0	0	0	0	1	0	0	0	0	0	0	2	1	0	0	0	0	0	2	0	1	0	1	0	0	0	0	1	0	0	0	0	0	0	0	0	0	1	0	0	0	0	0	0	0	0	0	0	0	0	0	0	0	0	0	0
P_XMcav2N2	0	0	3	1	0	0	0	6	0	1	1	8	1	3	6	1	1	0	0	0	0	0	0	0	1	0	0	0	0	0	0	2	1	0	0	0	0	0	2	0	1	0	1	0	0	0	0	1	0	0	0	0	0	0	0	0	0	1	0	0	0	0	0	0	0	0	0	0	0	0	0	0	0	0	0	0
P_agarivorans_DSM14585	1	1	2	0	1	0	0	9	0	1	4	0	0	0	4	0	0	0	0	0	1	0	0	1	1	0	0	3	0	1	0	2	1	0	0	0	0	0	0	0	1	0	1	0	0	0	0	1	0	0	2	0	0	0	0	1	0	1	0	0	0	0	3	1	0	0	2	1	0	0	0	0	0	0	0	0
P_agarivorans_NW4327	1	1	2	0	1	0	0	8	0	1	1	0	0	0	4	0	0	0	0	0	1	1	0	1	1	0	0	0	0	1	1	2	1	0	0	0	0	0	0	0	1	0	1	0	0	0	0	1	0	0	0	0	0	0	0	1	0	1	0	0	0	0	3	1	0	0	2	1	0	0	0	0	0	0	0	0
P_agarivorans_S816	1	1	2	0	1	0	0	8	0	1	4	0	0	0	4	0	0	0	0	0	1	0	0	1	0	0	0	0	0	1	0	2	1	0	0	0	0	0	0	0	1	0	1	0	0	0	0	1	0	0	0	0	0	0	0	0	0	1	0	0	0	0	3	1	0	0	2	1	0	0	0	0	0	0	0	0
P_aliena_EH1	0	0	1	0	1	0	0	8	0	1	0	2	0	1	6	0	0	0	0	0	0	0	0	0	0	0	0	0	0	0	0	2	1	0	0	0	0	0	0	0	2	0	1	0	0	0	0	0	0	0	0	0	0	0	0	0	0	1	0	0	0	0	0	0	0	0	0	0	0	0	0	0	0	0	0	0
P_aliena_SW19	0	0	1	0	1	0	0	9	0	1	0	3	0	1	6	0	0	0	0	0	0	0	0	0	0	0	0	0	0	0	0	2	1	0	0	0	0	0	0	0	1	0	1	0	0	0	0	0	0	0	0	0	0	0	0	0	0	1	0	0	0	0	2	0	0	0	2	0	0	0	0	0	0	0	0	0
P_amylolytica_JW1	1	0	2	1	0	0	0	7	0	1	1	4	1	2	6	2	1	0	0	0	0	0	0	0	1	0	0	0	0	1	0	2	1	0	0	0	0	0	0	0	1	0	1	0	0	0	0	1	0	0	0	0	0	0	0	0	0	1	0	1	0	0	0	0	0	0	0	0	0	0	0	0	0	0	0	0
P_arctica_A3712	2	1	3	1	1	0	0	8	0	1	1	0	0	0	5	0	0	0	0	0	0	1	0	1	0	0	0	3	0	1	0	2	1	0	0	2	0	0	0	1	2	0	1	0	0	0	0	1	0	0	4	0	0	0	0	1	0	1	0	0	0	0	2	1	0	0	2	1	0	0	0	1	0	0	0	0
P_arctica_NECBIFX0059	2	1	3	1	2	0	3	6	0	1	1	0	0	0	4	0	0	0	0	0	1	0	0	1	0	0	2	0	0	1	0	2	1	0	0	0	0	0	0	0	1	0	1	0	0	0	0	2	0	0	0	0	0	0	0	2	0	1	0	0	0	0	3	1	0	0	2	1	0	0	0	0	0	0	0	0
P_arctica_NECBIFX2020001	2	1	3	1	2	0	3	6	0	1	1	0	0	0	4	0	0	0	0	0	1	0	0	1	0	0	2	0	0	1	0	2	1	0	0	0	0	0	0	0	1	0	1	0	0	0	0	1	0	0	0	0	0	0	0	1	0	1	1	1	0	0	3	1	0	0	2	1	0	0	0	0	0	0	0	0
P_arctica_NECBIFX2020017	2	1	3	1	2	0	3	6	0	1	1	0	0	0	4	0	0	0	0	0	1	0	0	1	0	0	2	0	0	1	0	2	1	0	0	0	0	0	0	0	1	0	1	0	0	0	0	2	0	0	0	0	0	0	0	1	0	1	0	0	0	0	3	1	1	0	2	1	0	0	0	0	0	0	0	0
P_aurantia_208	1	0	2	1	0	0	0	7	0	1	1	8	1	2	7	3	0	0	0	0	0	0	0	0	0	0	0	0	0	1	0	2	1	0	0	0	0	0	1	0	2	0	1	0	0	0	0	1	0	0	0	0	0	0	0	0	0	1	0	0	0	0	0	0	0	0	0	0	0	0	0	0	0	0	0	0
P_aurantia_S3788	1	0	2	1	0	0	0	5	0	1	1	5	1	2	7	1	0	0	0	0	0	0	0	0	0	0	0	0	0	0	0	2	1	0	0	0	0	0	1	0	1	0	1	0	0	0	0	1	0	0	0	0	0	0	0	0	0	1	0	0	0	0	0	0	0	0	0	0	0	0	0	0	0	0	0	0
P_aurantia_S3790	1	0	2	1	0	0	0	5	0	1	1	4	1	2	7	1	0	0	0	0	0	0	0	0	0	0	0	0	0	0	0	2	1	0	0	0	0	0	1	0	1	0	1	0	0	0	0	1	0	0	0	0	0	0	0	0	0	1	0	0	0	0	0	0	0	0	0	0	0	0	0	0	0	0	0	0
P_aurantia_S3895	1	0	2	1	0	0	0	5	0	1	1	5	1	2	7	1	0	0	0	0	0	0	0	0	0	0	0	0	0	0	0	2	1	0	0	0	0	0	1	0	1	0	1	0	0	0	0	1	0	0	0	0	0	0	0	0	0	1	0	0	0	0	0	0	0	0	0	0	0	0	0	0	0	0	0	0
P_bablabjr004	2	0	3	0	1	0	0	9	0	1	2	2	0	1	5	0	0	0	0	1	0	0	0	0	1	0	7	0	0	0	0	2	1	0	0	0	0	0	0	0	1	0	1	0	0	0	0	2	0	0	0	0	0	1	0	0	0	1	1	1	0	0	0	0	0	0	0	0	0	0	0	0	0	0	0	0
P_bablabjr010	1	1	2	0	0	0	0	7	0	1	2	2	0	1	5	0	0	0	0	0	0	0	0	0	1	0	7	0	0	1	0	2	1	0	0	0	0	0	0	0	2	0	1	0	0	0	0	1	0	0	0	0	0	1	0	0	0	1	0	1	1	0	0	0	0	0	0	0	0	0	0	0	0	0	0	0
P_bablabjr011	2	0	4	0	1	0	0	9	0	1	2	2	0	1	7	0	0	0	1	0	0	0	0	0	0	0	8	0	0	0	0	2	1	0	0	0	0	0	0	0	1	0	1	0	2	0	0	1	0	0	0	0	0	1	0	0	0	1	0	1	3	0	0	0	0	0	0	0	0	0	0	0	0	0	0	0
P_citrea_DSM8771	1	0	2	1	0	0	0	5	0	1	1	9	1	2	7	1	1	0	0	0	0	0	0	0	1	0	0	0	0	0	0	2	1	0	0	0	0	0	1	0	1	0	1	0	0	0	0	1	0	0	0	0	0	0	0	0	0	1	0	0	0	0	0	0	0	0	0	0	0	0	0	1	1	0	0	0
P_citrea_S2231	1	0	2	1	0	0	0	5	0	1	1	8	1	2	7	2	1	0	0	0	0	0	0	0	1	0	0	0	0	0	0	2	1	0	0	0	0	0	1	0	1	0	1	0	0	0	1	1	0	0	0	0	0	0	0	0	0	1	0	0	0	0	0	0	0	0	0	0	0	0	0	1	0	0	0	0
P_citrea_S2233	1	0	2	1	0	0	0	5	0	1	1	8	1	2	7	2	1	0	0	0	0	0	0	0	1	0	0	0	0	0	0	2	1	0	0	0	0	0	1	0	1	0	1	0	0	0	1	1	0	0	0	0	0	0	0	0	0	1	0	0	0	0	0	0	0	0	0	0	0	0	0	1	0	0	0	0
P_distincta_16SW7	2	1	3	1	2	0	3	9	0	1	1	0	0	0	5	0	0	0	0	0	1	2	0	1	0	0	2	0	0	1	0	2	1	0	0	0	0	0	0	0	1	0	1	0	0	0	0	2	0	0	0	0	1	0	0	1	0	1	0	0	0	0	3	1	0	0	2	1	0	0	0	0	0	0	0	0
P_distincta_22A13	2	1	3	1	1	0	0	8	0	1	1	0	0	0	6	0	0	0	0	0	1	0	0	1	0	0	0	0	0	1	0	2	1	0	0	0	0	0	0	0	1	0	1	0	0	0	1	1	0	0	0	0	0	0	0	1	0	1	0	0	0	0	3	1	0	0	2	1	0	0	0	0	0	0	0	0
P_distincta_ATCC700518	2	1	3	1	2	0	3	9	0	1	1	0	0	0	5	0	0	0	0	0	0	2	0	1	0	0	2	0	0	1	0	2	1	0	0	0	0	0	0	0	1	0	1	0	0	0	0	2	0	0	0	0	0	0	0	1	0	1	0	0	0	0	3	1	0	0	2	1	0	0	0	0	0	0	0	0
P_distincta_KMM3548	2	1	5	1	2	1	3	8	0	1	1	0	0	0	4	0	0	0	1	0	1	0	0	1	0	0	2	0	0	1	0	2	1	0	0	0	0	0	0	0	1	0	1	0	2	0	0	2	0	0	0	0	0	0	0	1	0	1	0	0	3	0	3	1	0	0	2	1	0	0	0	0	0	0	0	0
P_distincta_LMG14908	2	1	3	1	2	0	3	9	0	1	1	0	0	0	5	0	0	0	0	0	0	2	0	1	0	0	2	0	0	1	0	2	1	0	0	0	0	0	0	0	1	0	1	0	0	0	0	2	0	0	0	0	0	0	0	1	0	1	0	0	0	0	3	1	0	0	2	1	0	0	0	0	0	0	0	0
P_donghaensis_HJ51	2	0	4	0	2	0	0	9	0	1	2	2	0	1	5	0	0	0	1	0	0	1	0	0	1	0	8	0	0	1	0	2	1	0	0	0	0	0	0	0	1	0	1	0	2	0	0	1	0	0	0	0	0	1	0	0	0	1	0	1	2	0	0	0	1	0	0	0	0	0	0	0	0	0	0	0
P_espejiana_DSM9414	2	1	5	0	2	1	3	9	0	1	1	0	0	0	5	0	0	0	0	0	1	0	0	1	1	0	2	0	0	0	0	2	1	0	0	0	0	0	0	0	1	0	1	0	0	0	0	2	0	0	0	0	0	0	0	1	0	1	0	0	0	0	3	1	0	0	2	1	0	0	0	0	0	0	0	0
P_flavipulchra_ATCCBAA314	1	0	2	0	0	0	0	6	0	1	2	4	1	5	6	1	0	0	0	0	0	0	0	0	1	0	0	0	0	1	0	2	1	0	0	0	0	0	1	0	1	0	1	0	0	0	0	2	0	0	0	0	0	0	0	0	0	1	0	0	0	0	0	0	0	0	0	0	0	0	0	0	0	0	0	0
P_flavipulchra_LMG20361	1	0	2	0	0	0	0	6	0	1	2	4	1	5	6	1	0	0	0	0	0	0	0	0	1	0	0	0	0	1	0	2	1	0	0	0	0	0	1	0	1	0	1	0	0	0	0	2	0	0	0	0	0	0	0	0	0	1	0	0	0	0	0	0	0	0	0	0	0	0	0	0	0	0	0	0
P_flavipulchra_NCIMB2033	1	0	2	0	0	0	0	6	0	1	2	4	1	5	6	1	0	0	0	0	0	0	0	0	1	0	0	0	0	1	0	2	1	0	0	0	0	0	1	0	1	0	1	0	0	0	0	2	0	0	0	0	0	0	0	0	0	1	0	0	0	0	0	0	0	0	0	0	0	0	0	0	0	0	0	0
P_flavipulchra_S1925	1	0	2	0	0	0	0	6	0	1	2	5	1	5	7	1	0	0	0	0	0	0	0	0	1	0	0	0	0	1	0	2	1	0	0	0	0	0	1	0	1	0	1	0	0	0	0	2	0	0	0	0	0	0	0	0	0	1	0	0	0	0	0	0	0	0	0	0	0	0	0	0	0	0	0	0
P_flavipulchra_SCSIO43202	1	0	2	0	0	0	0	6	0	1	2	5	1	5	6	2	0	0	0	0	0	0	0	0	1	0	0	0	0	1	0	2	1	0	0	0	0	0	1	0	1	0	1	0	0	0	0	2	0	0	0	0	0	0	0	0	0	1	0	0	0	0	0	0	0	0	0	0	0	0	0	0	0	0	0	0
P_fuliginea_KMM216	2	1	4	1	3	0	3	10	0	1	5	0	0	0	6	1	0	0	1	0	0	1	0	1	1	0	3	2	0	1	0	2	1	0	0	3	0	0	0	0	1	0	1	0	2	0	0	2	0	0	2	0	0	0	0	1	1	1	0	0	4	0	3	1	1	0	2	1	0	0	0	0	0	0	0	0
P_fuliginea_S2292	2	1	4	1	3	0	3	10	0	1	5	0	0	0	6	1	0	0	1	0	0	1	0	1	1	0	3	2	0	1	0	2	1	0	0	3	0	0	0	0	1	0	1	0	2	0	0	2	0	0	2	0	0	0	0	1	1	1	0	0	4	0	3	1	1	0	2	1	0	0	0	0	0	0	0	0
P_galatheae_S4498	0	0	1	0	0	0	0	5	0	1	0	4	1	2	6	1	0	0	0	0	0	0	0	0	1	0	0	0	0	1	0	2	1	0	0	0	0	0	1	0	1	0	1	0	0	0	1	2	0	0	0	0	0	0	0	0	0	1	0	0	0	0	0	0	0	0	0	0	0	0	0	0	0	0	0	0
P_gelatinilytica_NH153	1	1	2	0	1	0	0	9	0	1	2	2	0	1	5	0	0	0	0	1	0	0	0	0	1	0	7	0	0	0	0	2	1	0	0	0	0	0	0	0	2	0	1	0	0	0	0	1	0	0	0	0	0	1	0	0	0	1	1	1	1	0	0	0	0	0	0	0	0	0	0	0	0	0	0	0
P_kknpp56	0	0	1	0	0	0	0	8	0	1	0	0	0	0	5	0	0	0	0	0	0	0	0	0	1	0	0	0	0	1	0	2	1	0	0	0	0	0	0	0	1	0	1	0	0	0	0	0	0	0	0	0	0	0	0	0	0	1	0	0	0	0	0	0	1	0	0	0	0	0	0	0	0	0	0	0
P_SCSIO43095	0	0	1	0	0	0	0	8	0	1	0	0	0	0	5	0	0	0	0	0	0	0	0	0	1	0	0	0	0	1	0	2	1	0	0	0	0	0	0	0	1	0	1	0	0	0	0	0	0	0	0	0	0	0	0	0	0	1	0	0	0	0	0	0	1	0	0	0	0	0	0	0	0	0	0	0
P_lipolytica_CSB02KR	2	0	3	0	1	0	0	9	0	1	2	2	0	1	5	0	0	0	1	0	0	0	0	0	1	0	8	0	0	1	0	2	1	0	0	0	0	0	0	0	1	0	1	0	2	0	1	1	0	0	0	0	0	1	0	0	0	1	0	1	2	0	0	0	0	0	0	0	0	0	0	0	0	0	0	0
P_lipolytica_LMEB39	2	0	4	0	1	0	0	9	0	1	2	2	0	1	6	0	0	0	1	0	0	0	0	0	0	0	8	0	0	0	0	2	1	0	0	0	0	0	0	0	1	0	1	0	2	0	0	1	0	0	0	0	0	1	0	0	0	2	0	1	2	0	0	0	0	0	0	0	0	0	0	0	0	0	0	0
P_luteoviolacea_2ta16	0	0	2	1	0	0	0	7	0	2	1	9	2	3	6	2	0	0	0	0	0	0	0	0	1	0	0	0	0	0	0	2	1	0	0	0	0	0	2	0	1	0	1	0	0	0	0	1	0	0	0	0	0	0	0	0	0	1	0	1	0	0	0	0	0	0	0	0	0	0	0	1	0	0	0	0
P_maricaloris_LMG19692	1	0	2	0	0	0	0	6	0	1	2	4	1	5	6	1	0	0	0	0	0	0	0	0	1	0	0	0	0	1	0	2	1	0	0	0	0	0	1	0	1	0	1	0	0	0	0	2	0	0	0	0	0	0	0	0	0	1	0	0	0	0	0	0	0	0	0	0	0	0	0	0	0	0	0	0
P_neustronica_PAMC28425	0	0	1	0	0	0	0	6	0	1	0	4	2	3	5	0	0	0	0	0	0	0	0	0	0	0	0	0	0	1	0	2	1	0	0	0	0	0	1	0	1	0	1	0	0	0	0	2	0	0	0	0	0	0	0	0	0	1	0	1	0	0	2	0	0	0	2	0	0	0	0	0	0	0	0	0
P_neustronica_SM1927	2	0	4	0	0	0	0	11	0	1	2	2	0	3	6	1	0	0	1	0	0	2	0	0	1	0	7	0	0	1	0	2	1	0	0	0	0	0	0	0	1	0	1	0	3	0	1	2	0	0	0	0	0	1	0	0	0	1	1	1	4	0	3	1	0	0	2	1	0	0	0	0	0	0	0	0
P_ostereae_hOe124	0	0	1	0	0	0	0	9	0	1	0	3	0	2	5	1	0	0	0	0	0	0	0	0	1	0	0	0	0	0	0	2	1	0	0	0	0	0	0	0	1	1	1	0	0	0	0	1	0	0	0	0	0	0	0	0	0	1	0	1	0	0	0	0	0	0	0	0	0	0	0	0	0	0	0	0
P_ostereae_hOe125	0	0	1	0	0	0	0	9	0	1	0	3	0	2	5	1	0	0	0	0	0	0	0	0	1	0	0	0	0	0	0	2	1	0	0	0	0	0	0	0	1	1	1	0	0	0	0	1	0	0	0	0	0	0	0	0	0	1	0	1	0	0	0	0	0	0	0	0	0	0	0	0	0	0	0	0
P_ostereae_hOe66	0	0	1	0	0	0	0	9	0	1	0	3	0	2	5	1	0	0	0	0	0	0	0	0	1	0	0	0	0	0	0	2	1	0	0	0	0	0	0	0	1	1	1	0	0	0	0	1	0	0	0	0	0	0	0	0	0	1	0	1	0	0	0	0	0	0	0	0	0	0	0	0	0	0	0	0
P_peptidolytica_DSM14001	0	0	1	1	0	0	0	5	0	1	0	5	1	3	7	1	0	0	0	0	0	0	0	0	1	0	0	0	0	0	0	2	1	0	0	0	0	0	0	0	1	0	1	0	0	0	1	1	0	0	0	0	0	0	0	0	0	1	0	0	0	0	0	0	0	0	0	0	0	0	0	0	1	0	0	0
P_peptidolytica_F1250A1	0	0	1	1	0	0	0	5	0	1	0	5	1	3	7	1	0	0	0	0	0	0	0	0	1	0	0	0	0	0	0	2	1	0	0	0	0	0	0	0	1	0	1	0	0	0	1	1	0	0	0	0	0	0	0	0	0	1	0	0	0	0	0	0	0	0	0	0	0	0	0	0	1	0	0	0
P_peptidolytica_NBRC101021	0	0	1	1	0	0	0	5	0	1	0	5	1	3	7	1	0	0	0	0	0	0	0	0	1	0	0	0	0	0	0	2	1	0	0	0	0	0	0	0	1	0	1	0	0	0	1	1	0	0	0	0	0	0	0	0	0	1	0	0	0	0	0	0	0	0	0	0	0	0	0	0	1	0	0	0
P_phenolica_KCTC12086	0	1	2	0	0	0	0	7	0	0	1	5	2	1	6	0	0	0	0	1	1	0	0	0	1	0	0	0	0	1	0	2	1	0	0	0	0	0	2	0	0	0	1	0	0	0	0	1	0	0	0	0	0	0	0	0	0	1	0	0	0	0	0	0	0	0	0	0	0	0	0	0	0	0	0	0
P_phenolica_OBC302	0	1	2	0	0	0	0	7	0	0	1	5	2	1	6	0	0	0	0	1	1	0	0	0	1	0	0	0	0	1	0	2	1	0	0	0	0	0	2	0	0	0	1	0	0	0	0	1	0	0	0	0	0	0	0	0	0	1	0	0	0	0	0	0	0	0	0	0	0	0	0	0	0	0	0	0
P_phenolica_S1093	0	1	2	0	1	0	0	6	0	0	1	3	1	2	6	1	0	0	0	0	1	0	0	0	0	0	0	0	0	1	0	2	1	0	0	0	0	0	2	0	0	0	1	0	0	0	0	1	0	0	0	0	0	0	0	0	0	1	0	0	0	0	0	0	0	0	0	0	0	0	0	0	0	0	0	0
P_phenolica_S1189	0	1	2	0	1	0	0	7	0	0	1	2	1	1	6	1	0	0	0	0	1	0	0	0	0	0	0	0	0	1	0	2	1	0	0	0	0	0	2	0	0	0	1	0	0	0	0	1	0	0	0	0	0	0	0	0	0	1	0	0	0	0	0	0	1	0	0	0	0	0	0	0	0	0	0	0
P_phenolica_S3663	0	1	3	0	0	0	0	7	0	0	1	5	2	2	6	0	0	0	0	0	1	0	0	0	0	0	0	0	0	1	0	2	1	0	0	0	0	0	2	0	0	0	1	0	0	0	0	1	0	0	0	0	0	0	0	0	0	1	0	0	0	0	0	0	0	0	0	0	0	0	0	0	0	0	0	0
P_phenolica_S3898	0	1	2	0	1	0	0	6	0	0	1	2	1	1	6	0	0	0	0	0	1	0	0	0	0	0	0	0	0	1	0	2	1	0	0	0	0	0	2	0	0	0	1	0	0	0	0	1	0	0	0	0	0	0	0	0	0	1	0	0	0	0	0	0	0	0	0	0	0	0	0	0	0	0	0	0
P_piratica_OCN003	1	0	3	0	1	0	0	7	0	1	1	2	1	3	5	0	0	0	0	0	0	0	0	0	0	0	0	0	0	1	0	3	1	0	0	0	0	0	2	0	1	0	1	0	0	0	0	1	0	0	0	0	0	0	0	0	0	0	0	0	0	0	0	0	0	0	0	0	0	0	0	0	0	0	0	0
P_porphyrae_MNAD16	1	0	2	0	1	0	0	11	0	1	2	2	0	1	5	0	0	0	0	1	0	0	0	0	1	0	7	0	0	1	0	2	1	0	0	0	1	0	0	0	3	0	1	0	0	0	0	1	0	0	0	0	0	1	0	0	0	1	1	1	1	0	0	0	0	0	0	0	0	0	0	0	0	0	0	0
P_rhizosphaerae_hCg42	2	0	4	0	0	0	0	10	0	1	2	2	0	3	5	0	0	0	1	0	0	0	0	0	1	0	0	0	0	0	0	2	1	0	0	0	0	0	0	1	1	0	1	0	1	0	1	2	0	0	0	0	0	0	0	0	0	1	1	1	5	0	0	0	0	0	0	0	0	0	0	0	0	0	0	0
P_rubra_DSM6842	0	0	3	1	0	0	0	5	0	1	1	9	1	3	6	1	1	0	0	0	0	0	0	0	1	0	0	0	0	0	0	2	1	0	0	0	0	0	2	0	1	0	1	0	0	0	1	1	0	0	0	0	0	0	0	0	0	2	0	1	0	0	0	0	1	0	0	0	0	0	0	0	0	0	0	0
P_rubra_S1946	0	0	3	1	0	0	0	6	0	1	1	7	2	3	6	2	1	0	0	0	0	0	0	0	1	0	0	0	0	0	0	2	1	0	0	0	0	0	2	0	1	0	1	1	0	0	0	1	0	0	0	0	0	0	0	0	0	1	0	0	0	0	0	0	0	0	0	0	0	0	0	0	0	0	0	1
P_rubra_S2471	0	0	3	1	0	0	0	6	0	1	1	7	2	3	6	2	1	0	0	0	0	0	0	0	1	0	0	0	0	0	0	2	1	0	0	0	0	0	2	0	1	0	1	0	0	0	1	1	0	0	0	0	0	0	0	0	0	1	0	0	0	0	0	0	0	0	0	0	0	0	0	0	0	0	0	0
P_rubra_SCSIO_6842	0	0	3	1	0	0	0	5	0	1	1	7	2	3	6	2	1	0	0	0	0	0	0	0	1	0	0	0	0	0	0	2	1	0	0	0	0	0	2	0	1	0	1	1	0	0	0	1	0	0	0	0	0	0	0	0	0	1	0	1	0	0	0	0	0	0	0	0	0	0	0	0	0	0	0	0
P_ruthenica_LMG19699	1	0	2	0	0	0	0	7	0	1	1	3	1	4	5	0	0	0	0	0	0	0	0	0	0	0	0	0	0	0	0	2	1	0	0	0	0	0	0	0	1	0	1	0	0	0	0	1	0	2	0	0	0	0	0	1	0	1	0	0	0	0	0	0	0	0	0	0	0	0	0	0	0	0	0	0
P_ruthenica_S2756	1	0	2	0	0	0	0	7	0	1	1	3	1	4	5	0	0	0	0	0	0	0	0	0	0	0	0	0	0	0	0	2	1	0	0	0	0	0	0	0	1	0	1	0	0	0	0	1	0	1	0	0	0	0	0	1	0	1	0	0	0	0	0	0	0	0	0	0	0	0	0	0	0	0	0	0
P_ruthenica_S3245	1	0	2	0	0	0	0	7	0	1	1	3	1	4	5	0	0	0	0	0	0	0	0	0	0	0	0	0	0	0	0	2	1	0	0	0	0	0	0	0	1	0	1	0	0	0	0	1	0	1	0	0	0	0	0	1	0	1	0	0	0	0	0	0	0	0	0	0	0	0	0	0	0	0	0	0
P_scap25	1	0	2	0	0	0	0	8	0	1	1	2	0	1	6	0	0	0	0	0	0	0	0	0	1	0	0	0	0	0	0	2	1	0	0	0	0	0	0	0	1	0	1	0	0	0	0	1	0	0	0	0	0	0	0	0	0	1	0	0	0	0	0	0	1	0	0	0	0	0	1	0	0	0	0	0
P_scap26	1	0	2	0	0	0	0	8	0	1	1	2	0	1	6	0	0	0	0	0	0	0	0	0	1	0	0	0	0	0	0	2	1	0	0	0	0	0	0	0	1	0	1	0	0	0	0	1	0	0	0	0	0	0	0	0	0	1	0	0	0	0	0	0	1	0	0	0	0	0	1	0	0	0	0	0
P_shioyasakiensis_28	1	1	2	0	1	0	0	9	0	1	1	2	0	1	5	0	0	0	0	1	0	0	0	0	1	0	7	0	0	0	0	2	1	0	0	0	0	0	0	0	2	0	1	0	0	0	0	1	0	0	0	0	0	1	0	0	0	1	1	1	0	0	0	0	0	0	0	0	0	0	0	0	0	0	0	0
P_shioyasakiensis_BMC2	1	0	2	0	2	0	0	9	0	1	1	2	0	1	6	0	0	0	0	1	0	0	0	0	1	0	7	0	0	0	0	2	1	0	0	0	0	0	0	0	2	0	1	0	0	0	0	1	0	0	0	0	0	1	0	0	0	1	1	1	1	0	0	0	0	0	0	0	0	0	0	0	0	0	0	0
P_shioyasakiensis_BMC3	1	0	2	0	3	0	0	9	0	1	1	2	0	1	6	0	0	0	0	1	0	0	0	0	1	0	7	0	0	0	0	2	1	0	0	0	0	0	0	0	2	0	1	0	0	0	0	1	0	0	0	0	0	1	0	0	0	1	1	1	1	0	0	0	0	0	0	0	0	0	0	0	0	0	0	0
P_shioyasakiensis_BMC4	1	3	2	0	3	0	0	9	0	1	1	2	0	2	6	0	0	0	0	0	1	0	0	0	2	0	7	0	0	0	0	2	1	0	0	0	0	0	0	0	2	0	1	0	0	0	0	1	0	0	0	0	0	1	0	0	0	1	0	1	0	0	0	0	0	0	0	0	0	0	0	0	0	0	0	0
P_shioyasakiensis_BMC5	1	0	2	0	2	0	0	9	0	1	1	2	0	1	6	0	0	0	0	1	0	0	0	0	1	0	7	0	0	0	0	2	1	0	0	0	0	0	0	0	2	0	1	0	0	0	0	1	0	0	0	0	0	1	0	0	0	1	1	1	1	0	0	0	0	0	0	0	0	0	0	0	0	0	0	0
P_shioyasakiensis_G21653S1	1	1	2	0	1	0	0	9	0	1	1	2	0	1	6	0	0	0	0	1	0	0	0	0	1	0	7	0	0	0	0	2	1	0	0	0	0	0	0	0	2	0	1	0	0	0	0	1	0	0	0	0	0	1	0	0	0	1	1	1	1	0	0	0	0	0	0	0	0	0	0	0	0	0	0	0
P_shioyasakiensis_LC2	1	1	2	0	1	0	0	9	0	1	2	2	0	1	6	0	0	0	0	0	0	0	1	0	1	0	7	0	0	1	0	2	1	0	0	0	0	0	0	0	2	0	1	0	1	0	0	1	0	0	0	0	1	1	0	0	0	1	0	1	1	0	0	0	0	0	0	0	0	0	0	0	0	0	0	0
P_shioyasakiensis_M1400201	1	0	2	0	1	0	0	9	0	1	2	2	0	1	5	0	0	0	0	0	0	0	0	0	1	0	7	0	0	0	0	2	1	0	0	0	0	0	0	0	2	0	1	0	0	0	0	1	0	0	0	0	0	1	0	0	0	1	0	1	1	0	0	0	1	0	0	0	0	0	0	0	0	0	0	0
P_spongiae_SAO44	1	0	3	0	1	0	0	5	0	1	1	2	1	4	6	0	0	0	0	0	0	0	0	0	0	0	0	0	0	1	0	2	1	0	0	0	0	0	2	0	1	0	1	0	0	0	0	1	0	0	0	0	0	0	0	0	0	0	0	1	0	0	0	0	0	0	0	0	0	0	0	0	0	0	0	0
P_spongiae_UST010723006	0	0	2	0	1	0	0	5	0	1	0	2	1	3	6	0	0	0	0	0	0	0	0	0	0	0	0	0	0	1	0	2	1	0	0	0	0	0	2	0	1	0	1	0	0	0	0	1	0	0	0	0	0	0	0	0	0	0	0	0	0	0	0	0	0	0	0	0	0	0	0	0	0	0	0	0
P_tetradonis_CSB01KR	0	0	1	0	0	0	0	8	0	1	0	0	0	0	6	0	0	0	0	0	0	0	0	0	0	0	0	0	0	1	0	2	1	0	0	0	0	0	0	0	1	0	1	0	0	0	0	0	0	0	0	0	0	0	0	0	0	1	0	0	0	0	0	0	0	0	0	0	0	0	0	0	0	0	0	0
P_translucida_KMM520	0	0	1	0	1	0	0	4	0	0	0	0	0	1	5	1	0	0	0	0	0	0	1	0	1	0	0	0	0	0	0	2	0	0	0	0	0	0	0	0	1	0	1	0	0	0	1	0	0	1	0	0	0	0	0	1	0	1	1	1	0	0	0	0	0	0	0	0	0	0	0	0	0	0	0	0
P_tunicata_D2	1	0	3	0	0	0	0	8	0	1	2	2	2	6	5	0	0	0	0	0	1	0	0	0	1	0	0	0	0	1	0	3	1	0	0	0	0	0	1	0	1	0	1	0	0	0	0	0	0	0	0	0	0	0	0	0	0	0	0	0	0	0	0	0	0	0	0	0	0	0	0	0	0	0	0	0
P_undina_DSM6065	1	0	2	0	0	0	0	8	0	1	1	2	0	1	6	0	0	0	0	0	0	0	0	0	1	0	6	0	0	0	0	2	1	0	0	0	0	0	0	0	1	0	1	0	1	0	0	1	0	0	0	0	0	1	0	0	0	1	0	0	0	0	0	0	0	0	0	0	0	0	0	0	0	0	0	0
P_undina_NEM01	1	0	2	0	0	0	0	8	0	1	1	2	0	2	6	0	0	0	0	0	0	0	0	0	1	0	6	0	0	0	0	2	1	0	0	0	0	0	0	0	1	0	1	0	1	0	0	1	0	0	0	0	0	1	0	0	0	1	0	0	0	0	0	0	0	0	0	0	0	0	0	0	0	0	0	0
P_undina_NEM02	1	0	2	0	0	0	0	8	0	1	1	2	0	2	6	0	0	0	0	0	0	0	0	0	1	0	6	0	0	0	0	2	1	0	0	0	0	0	0	0	1	0	1	0	1	0	0	1	0	0	0	0	0	1	0	0	0	1	0	0	0	0	0	0	0	0	0	0	0	0	0	0	0	0	0	0
P_viridis_BBR56	0	0	3	1	0	0	0	6	0	1	1	5	2	3	7	2	1	0	0	0	0	0	0	0	1	0	0	0	0	0	0	2	1	0	0	0	0	0	2	0	1	0	1	0	0	0	0	1	0	0	0	0	0	0	0	0	0	1	0	0	0	0	0	0	0	0	0	0	0	0	0	0	0	0	0	0
P_xiamenensis_PSDB	1	0	2	0	0	0	0	8	0	2	2	4	2	1	4	1	1	0	0	0	0	0	0	0	1	0	0	0	0	1	0	2	1	0	0	0	0	0	1	0	1	0	1	0	0	0	0	1	0	0	0	0	0	0	0	0	0	1	0	1	0	0	0	0	0	0	0	0	0	0	0	0	0	0	0	0