Bin Id	Marker lineage	# genomes	# markers	# marker sets	Completeness	Contamination	Strain heterogeneity	Genome size (bp)	# ambiguous bases	# scaffolds	# contigs	N50 (scaffolds)	N50 (contigs)	Mean scaffold length (bp)	Mean contig length (bp)	Longest scaffold (bp)	Longest contig (bp)	GC	GC std (scaffolds > 1kbp)	Coding density	Translation table	# predicted genes	0	1	2	3	4	5+
P_1131a	c__Gammaproteobacteria (UID4787)	26	752	296	100.00	0.93	0.00	4442667	0	174	174	112773	112773	25532	25532	448249	448249	40.7	2.76	88.38	11	3989	0	747	4	1	0	0
P_1161b	c__Gammaproteobacteria (UID4787)	26	752	296	100.00	0.34	0.00	3977583	0	90	90	128019	128019	44195	44195	347147	347147	40.0	2.82	89.12	11	3584	0	750	2	0	0	0
P_125	c__Gammaproteobacteria (UID4787)	26	752	296	100.00	0.87	0.00	4399556	0	163	163	123059	123059	26991	26991	350557	350557	40.7	3.17	88.43	11	3905	0	747	5	0	0	0
P_126	c__Gammaproteobacteria (UID4787)	26	752	296	100.00	0.79	0.00	4715813	0	219	219	83905	83905	21533	21533	300605	300605	41.2	2.44	89.13	11	4251	0	742	10	0	0	0
P_130	c__Gammaproteobacteria (UID4787)	26	752	296	100.00	0.51	0.00	4337278	743	35	56	215892	163094	123922	77438	1052225	1001985	40.9	1.32	88.64	11	3836	0	750	2	0	0	0
P_17a	c__Gammaproteobacteria (UID4787)	26	752	296	100.00	0.68	0.00	4374565	0	189	189	107624	107624	23145	23145	464128	464128	40.8	2.57	88.60	11	3935	0	749	3	0	0	0
P_1CM17D	c__Gammaproteobacteria (UID4787)	26	752	296	100.00	0.34	0.00	4509242	1200	29	41	349777	292021	155491	109952	838460	838460	40.8	2.65	88.19	11	3993	0	750	2	0	0	0
P_2102	c__Gammaproteobacteria (UID4787)	26	752	296	100.00	0.64	0.00	4706109	1008	144	148	177850	177191	32681	31791	640718	640718	41.2	3.04	89.69	11	4266	0	742	10	0	0	0
P_2103	c__Gammaproteobacteria (UID4787)	26	752	296	100.00	1.84	0.00	4780187	630	294	298	254148	254148	16259	16038	640748	640748	41.1	3.24	89.50	11	4443	0	737	15	0	0	0
P_2CM32C	c__Gammaproteobacteria (UID4787)	26	752	296	100.00	0.17	0.00	4072618	900	29	38	508627	288386	140435	107150	848264	704954	39.7	6.10	89.00	11	3627	0	751	1	0	0	0
P_2CM36K	c__Gammaproteobacteria (UID4787)	26	752	296	100.00	0.34	0.00	3814709	900	63	72	121501	111032	60550	52969	244094	232644	40.3	2.16	87.35	11	3539	0	749	3	0	0	0
P_2CM37A	c__Gammaproteobacteria (UID4787)	26	752	296	100.00	0.34	0.00	4379019	1200	29	41	596824	596824	151000	106776	851470	833265	40.8	2.77	88.43	11	3881	0	750	2	0	0	0
P_2CM41L	c__Gammaproteobacteria (UID4787)	26	752	296	100.00	0.34	0.00	4466879	1200	45	57	195421	151997	99263	78345	664941	664941	40.9	2.58	88.28	11	3936	0	750	2	0	0	0
P_303	c__Gammaproteobacteria (UID4787)	26	752	296	100.00	0.92	0.00	4919064	206	217	219	107655	95988	22668	22460	471523	471523	41.1	2.69	89.21	11	4559	0	743	8	1	0	0
P_802	c__Gammaproteobacteria (UID4787)	26	752	296	100.00	0.49	0.00	4701573	283	129	132	254163	254163	36446	35615	1041910	1041902	41.2	3.10	89.71	11	4253	0	745	7	0	0	0
P_A22	c__Gammaproteobacteria (UID4787)	26	752	296	99.66	0.31	0.00	5346284	0	2	2	4095939	4095939	2673142	2673142	4095939	4095939	43.4	0.54	88.21	11	4582	1	748	3	0	0	0
P_A25	c__Gammaproteobacteria (UID4787)	26	752	296	100.00	0.32	20.00	4737839	0	2	2	3887303	3887303	2368919	2368919	3887303	3887303	42.1	0.48	88.82	11	3975	0	749	2	1	0	0
P_AC163	c__Gammaproteobacteria (UID4787)	26	752	296	98.59	2.22	15.38	4779003	192	565	565	16522	16520	8458	8458	105341	105332	39.1	2.30	88.04	11	4765	12	727	13	0	0	0
P_ACER1	c__Gammaproteobacteria (UID4787)	26	752	296	100.00	0.84	36.36	5028115	0	170	170	90735	90735	29577	29577	200826	200826	41.2	3.02	89.19	11	4617	0	743	8	1	0	0
P_APAL1	c__Gammaproteobacteria (UID4787)	26	752	296	100.00	0.74	10.00	4706552	0	110	110	83166	83166	42786	42786	255256	255256	40.7	2.37	89.33	11	4214	0	744	7	1	0	0
P_APM04	c__Gammaproteobacteria (UID4787)	26	752	296	100.00	0.17	0.00	4151098	0	2	2	3457294	3457294	2075549	2075549	3457294	3457294	39.8	0.16	87.87	11	3701	0	751	1	0	0	0
P_B7P1	c__Gammaproteobacteria (UID4787)	26	752	296	100.00	1.32	0.00	4707973	0	178	178	63044	63044	26449	26449	240339	240339	41.3	3.14	88.62	11	4307	0	739	11	1	1	0
P_B95	c__Gammaproteobacteria (UID4787)	26	752	296	100.00	1.68	0.00	6189459	1475	26	41	642787	525518	238056	150926	1712498	1168927	41.5	3.90	87.71	11	5247	0	740	12	0	0	0
P_BMB	c__Gammaproteobacteria (UID4787)	26	752	296	99.97	0.28	0.00	5385996	0	237	237	98569	98569	22725	22725	381997	381997	43.3	2.76	88.68	11	4723	1	749	1	1	0	0
P_BZA4	c__Gammaproteobacteria (UID4787)	26	752	296	100.00	0.98	0.00	4680735	0	150	150	67908	67908	31204	31204	240414	240414	41.3	2.64	88.76	11	4262	0	744	6	1	1	0
P_BZB3	c__Gammaproteobacteria (UID4787)	26	752	296	99.32	0.68	0.00	4631896	0	25	25	278106	278106	185275	185275	523244	523244	40.8	1.57	89.19	11	4090	4	745	3	0	0	0
P_BZK2	c__Gammaproteobacteria (UID4787)	26	752	296	100.00	0.70	0.00	4802731	0	85	85	142110	142110	56502	56502	288985	288985	40.9	2.66	89.67	11	4282	0	744	8	0	0	0
P_C2R02	c__Gammaproteobacteria (UID4761)	52	693	297	99.96	2.33	8.33	5847385	2227	57	68	157238	146657	102585	85958	500446	396532	34.8	2.15	88.35	11	5105	2	681	9	1	0	0
P_CNAT218	c__Gammaproteobacteria (UID4761)	52	693	297	100.00	0.34	0.00	3982401	0	13	13	679303	679303	306338	306338	791491	791491	47.5	1.73	90.63	11	3610	0	691	2	0	0	0
P_CNAT2181	c__Gammaproteobacteria (UID4761)	52	693	297	100.00	0.34	0.00	3982526	0	13	13	539285	539285	306348	306348	791491	791491	47.5	1.73	90.63	11	3611	0	691	2	0	0	0
P_CNAT241	c__Gammaproteobacteria (UID4761)	52	693	297	100.00	0.34	0.00	3981999	0	15	15	539285	539285	265466	265466	791491	791491	47.5	1.67	90.64	11	3611	0	691	2	0	0	0
P_CNC920	c__Gammaproteobacteria (UID4787)	26	752	296	99.89	0.89	0.00	4042632	0	17	17	681970	681970	237801	237801	805009	805009	47.4	3.36	90.66	11	3700	1	747	4	0	0	0
P_CO109Y	c__Gammaproteobacteria (UID4787)	26	752	296	100.00	0.25	0.00	4589896	0	78	78	297666	297666	58844	58844	523833	523833	41.3	1.20	89.88	11	4076	0	749	3	0	0	0
P_CO133X	c__Gammaproteobacteria (UID4787)	26	752	296	100.00	0.23	0.00	4444444	0	55	55	398869	398869	80808	80808	907290	907290	40.9	2.84	90.39	11	4005	0	750	2	0	0	0
P_CO302Y	c__Gammaproteobacteria (UID4787)	26	752	296	100.00	0.23	0.00	4443050	0	52	52	322967	322967	85443	85443	907290	907290	40.9	2.78	90.42	11	4003	0	750	2	0	0	0
P_CO325X	c__Gammaproteobacteria (UID4787)	26	752	296	100.00	0.89	0.00	4061348	0	57	57	236743	236743	71251	71251	593470	593470	47.2	2.25	90.35	11	3725	0	748	4	0	0	0
P_CO342X	c__Gammaproteobacteria (UID4787)	26	752	296	99.89	0.23	0.00	5365721	0	122	122	214299	214299	43981	43981	550994	550994	43.3	5.14	88.86	11	4680	1	749	2	0	0	0
P_CO348	c__Gammaproteobacteria (UID4787)	26	752	296	100.00	0.94	0.00	5416014	0	106	106	211179	211179	51094	51094	503294	503294	43.2	2.56	88.75	11	4653	0	746	6	0	0	0
P_Cn537	c__Gammaproteobacteria (UID4787)	26	752	296	100.00	0.99	0.00	4829916	0	92	92	170938	170938	52499	52499	1053247	1053247	40.9	3.52	89.24	11	4362	0	746	6	0	0	0
P_CnMc713	c__Gammaproteobacteria (UID4787)	26	752	296	99.89	0.89	0.00	4027566	0	15	15	680903	680903	268504	268504	827737	827737	47.5	1.59	90.60	11	3693	1	747	4	0	0	0
P_CnMc715	c__Gammaproteobacteria (UID4787)	26	752	296	99.89	0.89	0.00	4028090	0	15	15	680890	680890	268539	268539	826216	826216	47.5	2.00	90.59	11	3690	1	747	4	0	0	0
P_CnMc737	c__Gammaproteobacteria (UID4787)	26	752	296	100.00	0.84	0.00	4892851	0	41	41	332503	332503	119337	119337	926755	926755	41.2	3.40	89.44	11	4374	0	743	9	0	0	0
P_D15MCD2	c__Gammaproteobacteria (UID4787)	26	752	296	99.66	1.28	0.00	4558732	0	3	3	3634734	3634734	1519577	1519577	3634734	3634734	41.3	0.34	88.98	11	4065	1	742	9	0	0	0
P_DL2H1	c__Gammaproteobacteria (UID4787)	26	752	296	99.66	0.19	0.00	5640907	0	82	82	158008	158008	68791	68791	383215	383215	43.2	2.70	88.76	11	4893	1	749	2	0	0	0
P_DL2H22	c__Gammaproteobacteria (UID4787)	26	752	296	100.00	0.25	0.00	5508409	0	40	40	400651	400651	137710	137710	684470	684470	49.0	3.71	88.50	11	4727	0	750	2	0	0	0
P_DL2H6	c__Gammaproteobacteria (UID4787)	26	752	296	99.29	0.19	0.00	5601975	0	324	324	29714	29714	17290	17290	120467	120467	43.3	2.60	88.89	11	4962	3	747	2	0	0	0
P_DSM	c__Gammaproteobacteria (UID4787)	26	752	296	100.00	0.17	0.00	4190548	0	12	12	728006	728006	349212	349212	1931316	1931316	39.7	0.86	88.87	11	3721	0	751	1	0	0	0
P_EB27	c__Gammaproteobacteria (UID4787)	26	752	296	100.00	0.17	0.00	4526035	0	37	37	216976	216976	122325	122325	566534	566534	39.0	3.10	88.27	11	3971	0	751	1	0	0	0
P_ECSMB14103	c__Gammaproteobacteria (UID4787)	26	752	296	100.00	0.17	0.00	4107405	0	32	32	413937	413937	128356	128356	1079592	1079592	39.7	1.18	88.98	11	3702	0	751	1	0	0	0
P_EKP108	c__Gammaproteobacteria (UID4787)	26	752	296	100.00	0.17	0.00	4525022	0	73	73	146029	146029	61986	61986	522830	522830	39.2	2.54	88.49	11	3980	0	751	1	0	0	0
P_FE4	c__Gammaproteobacteria (UID4787)	26	752	296	100.00	0.23	0.00	4455557	0	2	2	3561116	3561116	2227778	2227778	3561116	3561116	40.8	0.49	89.27	11	3901	0	750	2	0	0	0
P_G4	c__Gammaproteobacteria (UID4761)	52	693	297	100.00	2.05	25.00	4404483	0	179	179	44093	44093	24606	24606	248104	248104	39.6	1.92	89.95	11	4114	0	683	9	1	0	0
P_HMSA03	c__Gammaproteobacteria (UID4787)	26	752	296	99.75	0.20	0.00	5251709	3442	209	260	106872	77697	25127	20185	182574	159825	43.1	2.60	87.70	11	4739	2	748	2	0	0	0
P_Hal040	c__Gammaproteobacteria (UID4787)	26	752	296	99.67	0.25	0.00	4665450	0	2	2	3788806	3788806	2332725	2332725	3788806	3788806	41.5	0.22	88.93	11	4282	4	745	3	0	0	0
P_JC28	c__Gammaproteobacteria (UID4787)	26	752	296	100.00	0.17	0.00	5533243	24	40	40	509001	509001	138331	138330	1226393	1226390	43.2	2.65	88.63	11	4813	0	751	1	0	0	0
P_JC3	c__Gammaproteobacteria (UID4787)	26	752	296	99.89	1.03	0.00	5572526	1290	96	110	269683	196838	58047	50647	449568	449568	43.1	4.33	88.57	11	4829	1	744	6	1	0	0
P_JC31	c__Gammaproteobacteria (UID4787)	26	752	296	100.00	1.03	0.00	5655084	0	2	2	4348314	4348314	2827542	2827542	4348314	4348314	43.2	0.40	87.95	11	4806	0	745	6	1	0	0
P_JW3	c__Gammaproteobacteria (UID4787)	26	752	296	100.00	0.56	0.00	4854417	1198	33	49	387647	287912	147103	99045	1013714	670768	43.3	2.88	89.36	11	4181	0	748	4	0	0	0
P_KMM661	c__Gammaproteobacteria (UID4787)	26	752	296	100.00	1.07	0.00	4274777	0	3	3	3521200	3521200	1424925	1424925	3521200	3521200	40.2	0.88	86.93	11	3856	0	747	5	0	0	0
P_M1318928	c__Gammaproteobacteria (UID4787)	26	752	296	100.00	0.96	0.00	4547042	0	285	285	31604	31604	15954	15954	174287	174287	40.8	2.68	90.02	11	4105	0	747	5	0	0	0
P_M1400202	c__Gammaproteobacteria (UID4787)	26	752	296	99.89	0.80	33.33	5194877	6	433	433	21018	21018	11997	11997	73709	73709	43.1	2.32	88.38	11	4620	1	745	6	0	0	0
P_M8	c__Gammaproteobacteria (UID4787)	26	752	296	99.66	0.44	0.00	5674823	0	2	2	4390426	4390426	2837411	2837411	4390426	4390426	43.3	0.43	88.02	11	4885	1	747	3	1	0	0
P_MB47	c__Gammaproteobacteria (UID4787)	26	752	296	100.00	0.23	0.00	4545585	0	31	31	380452	380452	146631	146631	523224	523224	41.1	0.82	90.14	11	4047	0	750	2	0	0	0
P_MEBiC03607	c__Gammaproteobacteria (UID4787)	26	752	296	99.96	0.65	0.00	4561899	0	2	2	3732376	3732376	2280949	2280949	3732376	3732376	41.0	0.42	89.08	11	4014	1	747	4	0	0	0
P_MM172	c__Gammaproteobacteria (UID4761)	52	693	297	100.00	0.34	0.00	4096570	3	52	52	136664	136664	78780	78780	344652	344652	47.3	3.46	90.68	11	3832	0	691	2	0	0	0
P_MMG024	c__Gammaproteobacteria (UID4761)	52	693	297	100.00	0.36	0.00	4692268	0	70	70	204960	204960	67032	67032	387120	387120	40.9	2.29	89.48	11	4334	0	690	3	0	0	0
P_McH142	c__Gammaproteobacteria (UID4787)	26	752	296	99.89	0.68	0.00	5800003	27	84	85	211702	211702	69047	68235	539734	539734	47.5	4.41	88.35	11	4846	1	749	1	1	0	0
P_McH17	c__Gammaproteobacteria (UID4787)	26	752	296	100.00	1.80	0.00	5134549	0	59	59	145975	145975	87026	87026	313663	313663	42.5	2.20	87.46	11	4324	0	742	9	1	0	0
P_N12309	c__Gammaproteobacteria (UID4787)	26	752	296	100.00	0.23	0.00	4627470	0	2	2	3727959	3727959	2313735	2313735	3727959	3727959	40.9	0.40	89.66	11	4143	0	750	2	0	0	0
P_NBRC102222	c__Gammaproteobacteria (UID4787)	26	752	296	100.00	0.34	0.00	4401192	0	95	95	106399	106399	46328	46328	176026	176026	40.1	2.29	89.25	11	3949	0	750	2	0	0	0
P_NBRC12985	c__Gammaproteobacteria (UID4787)	26	752	296	99.83	0.68	0.00	4504693	0	141	141	73021	73021	31948	31948	191567	191567	39.3	2.33	89.06	11	3995	1	748	3	0	0	0
P_NJ631	c__Gammaproteobacteria (UID4787)	26	752	296	100.00	0.23	0.00	5349905	0	55	55	315122	315122	97271	97271	970668	970668	43.4	4.50	89.22	11	4591	0	750	2	0	0	0
P_OANN1	c__Gammaproteobacteria (UID4787)	26	752	296	100.00	0.24	0.00	5273335	0	54	54	145119	145119	97654	97654	441983	441983	43.3	2.59	88.92	11	4495	0	750	2	0	0	0
P_OF5H5	c__Gammaproteobacteria (UID4787)	26	752	296	100.00	0.19	0.00	5643420	0	61	61	287717	287717	92515	92515	618802	618802	43.3	3.37	88.74	11	4880	0	750	2	0	0	0
P_OF7H1	c__Gammaproteobacteria (UID4787)	26	752	296	99.89	0.68	0.00	5478367	0	45	45	244624	244624	121741	121741	476428	476428	43.2	2.79	88.72	11	4693	1	745	6	0	0	0
P_OFAV1	c__Gammaproteobacteria (UID4787)	26	752	296	99.95	3.71	4.17	5041072	0	103	103	88113	88113	48942	48942	249203	249203	40.2	3.01	89.09	11	4665	1	727	24	0	0	0
P_OOF1S7	c__Gammaproteobacteria (UID4787)	26	752	296	99.89	0.59	0.00	5626742	0	50	50	236636	236636	112534	112534	682182	682182	48.6	3.76	88.57	11	4723	1	745	6	0	0	0
P_Of11M6	c__Gammaproteobacteria (UID4787)	26	752	296	99.89	0.99	0.00	5403095	0	130	130	72696	72696	41562	41562	273701	273701	43.1	2.69	88.81	11	4707	1	747	3	1	0	0
P_Of5H6	c__Gammaproteobacteria (UID4787)	26	752	296	100.00	0.19	0.00	5640652	0	63	63	277387	277387	89534	89534	615160	615160	43.2	3.07	88.74	11	4878	0	750	2	0	0	0
P_Of7M16	c__Gammaproteobacteria (UID4787)	26	752	296	100.00	0.59	0.00	6599529	0	70	70	160569	160569	94278	94278	467240	467240	42.3	3.18	87.42	11	5627	0	749	3	0	0	0
P_P111	c__Gammaproteobacteria (UID4787)	26	752	296	100.00	0.71	0.00	4377754	666	31	48	530751	212092	141217	91189	674955	550037	41.0	2.49	88.51	11	3894	0	748	4	0	0	0
P_P18	c__Gammaproteobacteria (UID4787)	26	752	296	100.00	0.54	0.00	4488653	520	29	43	290362	160606	154781	104375	805319	541836	41.2	1.12	90.08	11	3998	0	746	6	0	0	0
P_P19	c__Gammaproteobacteria (UID4761)	52	693	297	100.00	0.84	0.00	4808051	0	211	211	97278	97278	22786	22786	277950	277950	40.7	2.88	89.13	11	4435	0	686	7	0	0	0
P_P94	c__Gammaproteobacteria (UID4787)	26	752	296	100.00	0.56	0.00	6295190	1158	30	42	335200	286624	209839	149857	1005767	665175	42.3	3.02	87.19	11	5380	0	749	3	0	0	0
P_PA2MD11	c__Gammaproteobacteria (UID4787)	26	752	296	99.83	0.23	0.00	4549994	1640	49	66	176926	166524	92857	68914	621775	444404	41.0	2.48	89.81	11	4070	1	749	2	0	0	0
P_PAST1	c__Gammaproteobacteria (UID4787)	26	752	296	100.00	0.56	0.00	4968088	0	142	142	87010	87010	34986	34986	201144	201144	41.2	3.21	89.17	11	4549	0	748	3	1	0	0
P_PPB1	c__Gammaproteobacteria (UID4787)	26	752	296	99.89	0.37	25.00	5915516	122	121	122	194141	192396	48888	48486	526779	526779	47.4	4.12	88.18	11	4974	1	749	1	1	0	0
P_Ps84H4	c__Gammaproteobacteria (UID4787)	26	752	296	100.00	0.74	0.00	4877892	0	84	84	150613	150613	58070	58070	527385	527385	40.9	3.40	89.31	11	4381	0	745	6	1	0	0
P_R96	c__Gammaproteobacteria (UID4787)	26	752	296	99.89	0.68	0.00	5937012	1172	26	38	679646	335896	228346	156206	1370900	839980	47.8	4.58	88.43	11	4861	1	749	1	1	0	0
P_S2893	c__Gammaproteobacteria (UID4787)	26	752	296	100.00	0.70	0.00	4324388	0	185	185	164500	164500	23375	23375	285104	285104	40.9	2.65	88.36	11	3874	0	748	4	0	0	0
P_S3173	c__Gammaproteobacteria (UID4787)	26	752	296	99.89	1.01	40.00	4225459	0	282	282	55864	55864	14983	14983	207640	207640	40.2	2.67	88.66	11	3897	1	746	5	0	0	0
P_S3178	c__Gammaproteobacteria (UID4787)	26	752	296	100.00	2.25	0.00	4716463	0	685	685	62659	62659	6885	6885	229989	229989	39.5	2.42	88.34	11	4522	0	735	17	0	0	0
P_S3260	c__Gammaproteobacteria (UID4787)	26	752	296	100.00	1.81	0.00	3955647	0	436	436	45591	45591	9072	9072	124255	124255	40.6	1.98	87.98	11	3848	0	737	15	0	0	0
P_SCSIO	c__Gammaproteobacteria (UID4787)	26	752	296	99.66	0.84	66.67	3709012	0	2	2	3052300	3052300	1854506	1854506	3052300	3052300	40.4	0.55	86.59	11	3400	1	748	3	0	0	0
P_SCSIO11900	c__Gammaproteobacteria (UID4787)	26	752	296	100.00	0.17	0.00	3728429	3726	10	22	3083318	291427	372842	169304	3083318	571977	40.5	2.30	86.21	11	3377	0	751	1	0	0	0
P_SCSIO43088	c__Gammaproteobacteria (UID4787)	26	752	296	97.97	1.94	5.26	4801583	0	2	2	3894662	3894662	2400791	2400791	3894662	3894662	41.7	0.13	89.08	11	4293	7	739	3	2	0	1
P_SCSIO43101	c__Gammaproteobacteria (UID4787)	26	752	296	100.00	0.31	0.00	4546505	0	2	2	3714263	3714263	2273252	2273252	3714263	3714263	41.0	0.43	89.09	11	4037	0	749	3	0	0	0
P_SCSIO43201	c__Gammaproteobacteria (UID4787)	26	752	296	100.00	1.46	0.00	5177910	0	3	3	3932172	3932172	1725970	1725970	3932172	3932172	42.6	0.44	86.56	11	4322	0	743	8	1	0	0
P_SDCH90	c__Gammaproteobacteria (UID4787)	26	752	296	100.00	1.24	10.00	4722159	0	2	2	3822719	3822719	2361079	2361079	3822719	3822719	41.5	0.56	88.94	11	4182	0	744	7	1	0	0
P_SG411	c__Gammaproteobacteria (UID4787)	26	752	296	100.00	0.65	0.00	5133416	800	151	159	90596	88645	33996	32280	412291	412291	40.3	3.39	88.10	11	4500	0	748	4	0	0	0
P_SG412	c__Gammaproteobacteria (UID4787)	26	752	296	100.00	0.65	0.00	5132333	710	143	151	164977	146915	35890	33984	370319	370319	40.3	2.37	88.12	11	4529	0	748	4	0	0	0
P_SG415	c__Gammaproteobacteria (UID4787)	26	752	296	99.98	0.88	0.00	5228669	810	351	360	42465	42450	14896	14521	144051	144051	40.2	2.16	88.03	11	4806	1	743	8	0	0	0
P_SG416	c__Gammaproteobacteria (UID4787)	26	752	296	99.66	1.07	20.00	4404863	410	371	376	26091	26091	11872	11713	82052	82052	39.0	2.17	86.56	11	4089	1	746	5	0	0	0
P_SG418	c__Gammaproteobacteria (UID4787)	26	752	296	100.00	0.70	0.00	5164951	1200	276	288	78967	76697	18713	17929	213084	213084	40.4	3.02	87.84	11	4645	0	747	5	0	0	0
P_SG431	c__Gammaproteobacteria (UID4787)	26	752	296	100.00	0.23	0.00	4604306	700	108	115	107827	105574	42632	40031	453242	453242	39.1	2.35	88.10	11	4115	0	749	3	0	0	0
P_SG433	c__Gammaproteobacteria (UID4787)	26	752	296	100.00	0.38	20.00	4578409	700	105	112	198251	174939	43603	40872	393387	393387	39.1	2.72	88.21	11	4086	0	747	5	0	0	0
P_SG434	c__Gammaproteobacteria (UID4787)	26	752	296	100.00	0.29	0.00	4508099	1400	90	104	197887	143375	50089	43333	464356	464356	39.1	3.15	88.12	11	3983	0	749	3	0	0	0
P_SG435	c__Gammaproteobacteria (UID4787)	26	752	296	100.00	0.17	0.00	4481222	600	54	60	225433	151791	82985	74677	512765	419923	39.2	2.60	88.09	11	3926	0	751	1	0	0	0
P_SG436	c__Gammaproteobacteria (UID4787)	26	752	296	99.66	1.08	0.00	5095578	800	247	255	80833	70996	20629	19979	184370	184370	40.3	2.77	88.08	11	4553	1	744	7	0	0	0
P_SG437	c__Gammaproteobacteria (UID4787)	26	752	296	100.00	0.69	0.00	5228993	500	258	263	74825	72310	20267	19880	199965	199965	40.3	2.69	87.95	11	4731	0	747	5	0	0	0
P_SG438	c__Gammaproteobacteria (UID4787)	26	752	296	100.00	0.21	0.00	4396872	600	58	64	373145	218750	75808	68691	1158427	969928	39.2	3.61	88.45	11	3925	0	750	2	0	0	0
P_SG441	c__Gammaproteobacteria (UID4787)	26	752	296	99.66	1.05	9.09	5354796	1100	335	346	79277	79277	15984	15473	258620	255956	40.2	3.00	87.54	11	4868	1	740	11	0	0	0
P_SG4417	c__Gammaproteobacteria (UID4787)	26	752	296	99.96	0.44	0.00	4992209	800	128	136	114763	108084	39001	36701	365036	293052	40.3	2.86	87.66	11	4369	1	745	6	0	0	0
P_SG444	c__Gammaproteobacteria (UID4787)	26	752	296	100.00	0.17	0.00	4428421	800	238	246	52427	52265	18606	17998	116002	116002	39.0	2.20	86.46	11	3993	0	751	1	0	0	0
P_SG445	c__Gammaproteobacteria (UID4787)	26	752	296	100.00	0.76	0.00	3985176	1100	86	97	175934	174339	46339	41072	514168	485579	40.1	2.09	87.94	11	3567	0	748	4	0	0	0
P_SG448	c__Gammaproteobacteria (UID4787)	26	752	296	100.00	0.26	0.00	4810322	1000	109	119	150379	150379	44131	40414	571962	335828	40.4	2.54	87.98	11	4161	0	749	3	0	0	0
P_SG451	c__Gammaproteobacteria (UID4787)	26	752	296	100.00	0.21	0.00	4502067	1000	105	115	147362	123294	42876	39139	518536	349177	39.1	2.87	87.63	11	4036	0	750	2	0	0	0
P_SG452	c__Gammaproteobacteria (UID4787)	26	752	296	100.00	0.17	0.00	4506971	600	92	98	150427	131131	48988	45983	280979	280979	39.1	2.45	87.98	11	3981	0	751	1	0	0	0
P_SG453	c__Gammaproteobacteria (UID4787)	26	752	296	100.00	0.71	16.67	4742893	1100	95	106	233817	173472	49925	44733	524499	493595	39.1	2.99	88.14	11	4215	0	746	6	0	0	0
P_SG455	c__Gammaproteobacteria (UID4787)	26	752	296	100.00	0.17	0.00	4432194	1000	224	234	59165	56706	19786	18936	134491	116002	39.0	2.28	86.37	11	3985	0	751	1	0	0	0
P_SG456	c__Gammaproteobacteria (UID4787)	26	752	296	100.00	1.16	12.50	4732170	800	207	215	54254	51963	22860	22006	184587	184587	39.1	2.41	88.21	11	4238	0	744	8	0	0	0
P_SK18	c__Gammaproteobacteria (UID4787)	26	752	296	100.00	0.34	0.00	3964471	0	87	87	156463	156463	45568	45568	390917	390917	40.2	2.84	88.52	11	3564	0	750	2	0	0	0
P_SK20	c__Gammaproteobacteria (UID4787)	26	752	296	100.00	1.01	22.22	4140616	0	188	188	98513	98513	22024	22024	330856	330856	40.3	2.44	87.25	11	3869	0	743	9	0	0	0
P_SMS1	c__Gammaproteobacteria (UID4787)	26	752	296	100.00	0.78	0.00	5809575	0	74	74	196259	196259	78507	78507	470587	470587	43.0	3.42	88.64	11	4788	0	747	5	0	0	0
P_SR411	c__Gammaproteobacteria (UID4787)	26	752	296	100.00	0.21	0.00	4521137	400	71	75	182468	173715	63677	60276	337420	337420	39.1	2.28	87.85	11	4028	0	750	2	0	0	0
P_SR414	c__Gammaproteobacteria (UID4787)	26	752	296	100.00	0.36	0.00	5299396	700	104	111	134266	121221	50955	47736	465076	375692	40.3	2.71	88.19	11	4631	0	748	4	0	0	0
P_SR415	c__Gammaproteobacteria (UID4787)	26	752	296	100.00	0.21	0.00	4395912	700	59	66	310790	191159	74506	66594	747230	475741	39.2	2.92	88.45	11	3923	0	750	2	0	0	0
P_SR416	c__Gammaproteobacteria (UID4787)	26	752	296	100.00	0.74	0.00	5243740	1300	284	297	77622	73341	18463	17651	267407	267407	40.3	3.16	87.81	11	4769	0	746	6	0	0	0
P_SR417	c__Gammaproteobacteria (UID4787)	26	752	296	100.00	0.23	0.00	4571201	1100	71	82	323207	216280	64383	55732	590572	557031	39.2	2.25	88.04	11	4037	0	749	3	0	0	0
P_SR418	c__Gammaproteobacteria (UID4787)	26	752	296	100.00	0.36	0.00	4820316	1500	129	144	152146	94689	37366	33464	383959	314887	40.4	2.35	87.94	11	4163	0	747	5	0	0	0
P_SR432	c__Gammaproteobacteria (UID4787)	26	752	296	100.00	0.26	0.00	4462957	600	70	76	169523	143020	63756	58715	358872	358872	39.1	2.86	88.20	11	3954	0	749	3	0	0	0
P_SR433	c__Gammaproteobacteria (UID4787)	26	752	296	100.00	0.17	0.00	4448354	1300	53	66	222140	142248	83931	67379	534498	392150	39.2	2.21	87.92	11	3961	0	751	1	0	0	0
P_SR435	c__Gammaproteobacteria (UID4787)	26	752	296	100.00	0.21	0.00	4523123	600	106	112	120650	109162	42670	40379	328265	328265	39.2	2.52	87.98	11	4046	0	750	2	0	0	0
P_SR436	c__Gammaproteobacteria (UID4787)	26	752	296	100.00	0.21	0.00	4348673	800	58	66	293996	213298	74977	65876	1165212	576057	39.2	3.60	88.52	11	3847	0	750	2	0	0	0
P_SR437	c__Gammaproteobacteria (UID4787)	26	752	296	100.00	0.37	0.00	4417730	700	74	81	149320	129954	59699	54531	294180	294180	39.2	2.56	88.22	11	3934	0	749	3	0	0	0
P_SR442	c__Gammaproteobacteria (UID4787)	26	752	296	100.00	0.21	0.00	4472343	800	102	110	115496	100564	43846	40650	312508	312508	39.2	2.80	88.23	11	3943	0	750	2	0	0	0
P_SR445	c__Gammaproteobacteria (UID4787)	26	752	296	100.00	0.74	0.00	5174529	1000	255	265	79344	78556	20292	19522	273578	236302	40.3	2.64	87.77	11	4622	0	746	6	0	0	0
P_SR448	c__Gammaproteobacteria (UID4787)	26	752	296	100.00	0.23	0.00	4938664	1500	135	150	103408	102495	36582	32914	211686	204023	40.4	2.34	87.88	11	4250	0	750	2	0	0	0
P_SR451	c__Gammaproteobacteria (UID4787)	26	752	296	100.00	0.64	0.00	4445813	800	68	76	219769	175947	65379	58487	527233	527233	39.1	3.05	88.15	11	3937	0	747	5	0	0	0
P_SR454	c__Gammaproteobacteria (UID4787)	26	752	296	100.00	1.58	0.00	3977048	1500	152	167	84641	68126	26164	23805	261250	261250	39.8	2.02	87.07	11	3603	0	743	9	0	0	0
P_SR455	c__Gammaproteobacteria (UID4787)	26	752	296	96.85	1.37	40.00	4324853	0	1035	1035	6081	6081	4178	4178	38723	38723	39.3	2.36	89.21	11	4247	18	724	10	0	0	0
P_SR456	c__Gammaproteobacteria (UID4787)	26	752	296	100.00	0.86	0.00	5102769	1000	260	270	67182	67182	19626	18895	272879	272879	40.4	2.71	88.09	11	4578	0	745	6	1	0	0
P_SW010604	c__Gammaproteobacteria (UID4787)	26	752	296	99.89	0.30	0.00	4052294	0	30	30	219576	219576	135076	135076	620074	620074	47.3	1.09	90.69	11	3699	1	748	3	0	0	0
P_Scap03	c__Gammaproteobacteria (UID4787)	26	752	296	98.96	0.84	0.00	4132359	0	4	4	3339419	3339419	1033089	1033089	3339419	3339419	40.0	0.58	87.70	11	3701	6	741	5	0	0	0
P_SiA1	c__Gammaproteobacteria (UID4787)	26	752	296	100.00	0.34	0.00	4070638	0	2	2	3355071	3355071	2035319	2035319	3355071	3355071	40.3	0.38	88.03	11	3601	0	750	2	0	0	0
P_TB25	c__Gammaproteobacteria (UID4787)	26	752	296	98.67	0.95	0.00	4648658	347	458	464	20042	20025	10149	10017	125483	125475	39.2	2.37	87.86	11	4546	10	736	6	0	0	0
P_UG31	c__Gammaproteobacteria (UID4787)	26	752	296	100.00	0.84	83.33	4211740	0	2	2	3366066	3366066	2105870	2105870	3366066	3366066	45.5	0.21	87.40	11	3608	0	746	6	0	0	0
P_UG32	c__Gammaproteobacteria (UID4787)	26	752	296	100.00	0.17	0.00	4162065	0	2	2	3349174	3349174	2081032	2081032	3349174	3349174	45.5	0.23	87.39	11	3552	0	751	1	0	0	0
P_XMcav11Q	c__Gammaproteobacteria (UID4787)	26	752	296	99.89	0.84	0.00	5485571	0	42	42	303753	303753	130608	130608	751869	751869	43.1	2.98	88.47	11	4686	1	748	2	1	0	0
P_XMcav2N	c__Gammaproteobacteria (UID4787)	26	752	296	100.00	0.51	0.00	5703353	0	44	44	269281	269281	129621	129621	737503	737503	47.8	3.00	88.68	11	4832	0	750	2	0	0	0
P_XMcav2N2	c__Gammaproteobacteria (UID4787)	26	752	296	100.00	0.51	0.00	5700089	0	40	40	330395	330395	142502	142502	517428	517428	47.8	3.11	88.70	11	4822	0	750	2	0	0	0
P_agarivorans_DSM14585	c__Gammaproteobacteria (UID4787)	26	752	296	99.44	0.51	0.00	4544962	0	2	2	3701940	3701940	2272481	2272481	3701940	3701940	40.8	0.36	87.67	11	4012	4	745	2	1	0	0
P_agarivorans_NW4327	c__Gammaproteobacteria (UID4787)	26	752	296	100.00	4.16	93.94	4482415	0	129	129	173396	173396	34747	34747	489475	489475	40.9	1.48	88.06	11	3975	0	740	8	1	2	1
P_agarivorans_S816	c__Gammaproteobacteria (UID4787)	26	752	296	100.00	0.34	0.00	4424254	0	133	133	88022	88022	33265	33265	352635	352635	40.9	2.31	88.11	11	4067	0	750	2	0	0	0
P_aliena_EH1	c__Gammaproteobacteria (UID4787)	26	752	296	100.00	1.22	66.67	4594697	0	1	1	4594697	4594697	4594697	4594697	4594697	4594697	39.1	0.00	85.64	11	3986	0	746	6	0	0	0
P_aliena_SW19	c__Gammaproteobacteria (UID4787)	26	752	296	100.00	0.22	0.00	4493055	0	29	29	529276	529276	154932	154932	1279857	1279857	39.0	3.70	86.21	11	3926	0	750	2	0	0	0
P_amylolytica_JW1	c__Gammaproteobacteria (UID4787)	26	752	296	100.00	0.56	0.00	4856394	554	38	49	387647	281074	127799	99098	1015287	1015287	43.3	2.64	89.42	11	4190	0	748	4	0	0	0
P_arctica_A3712	c__Gammaproteobacteria (UID4787)	26	752	296	100.00	0.51	50.00	4721971	0	3	3	3840834	3840834	1573990	1573990	3840834	3840834	39.2	0.43	86.97	11	4165	0	750	2	0	0	0
P_arctica_NECBIFX0059	c__Gammaproteobacteria (UID4787)	26	752	296	100.00	0.17	0.00	4445462	0	29	29	715146	715146	153291	153291	1033732	1033732	39.0	3.46	88.32	11	3874	0	751	1	0	0	0
P_arctica_NECBIFX2020001	c__Gammaproteobacteria (UID4787)	26	752	296	100.00	0.17	0.00	4471498	0	29	29	347613	347613	154189	154189	670746	670746	39.0	3.62	88.11	11	3908	0	751	1	0	0	0
P_arctica_NECBIFX2020017	c__Gammaproteobacteria (UID4787)	26	752	296	100.00	0.17	0.00	4422647	0	34	34	358881	358881	130077	130077	538972	538972	39.1	3.27	88.04	11	3887	0	751	1	0	0	0
P_aurantia_208	c__Gammaproteobacteria (UID4787)	26	752	296	99.66	0.45	0.00	5602374	0	15	15	1267804	1267804	373491	373491	2589228	2589228	40.8	2.50	87.65	11	4644	1	748	3	0	0	0
P_aurantia_S3788	c__Gammaproteobacteria (UID4787)	26	752	296	100.00	0.37	0.00	4764420	0	270	270	63045	63045	17646	17646	164985	164985	41.0	2.48	87.37	11	4194	0	749	3	0	0	0
P_aurantia_S3790	c__Gammaproteobacteria (UID4787)	26	752	296	100.00	0.97	0.00	4845069	0	280	280	74180	74180	17303	17303	193405	193405	41.1	2.50	87.50	11	4283	0	746	6	0	0	0
P_aurantia_S3895	c__Gammaproteobacteria (UID4787)	26	752	296	100.00	0.74	50.00	4834823	0	319	319	55499	55499	15156	15156	196601	196601	41.0	2.50	87.16	11	4301	0	748	4	0	0	0
P_bablabjr004	c__Gammaproteobacteria (UID4787)	26	752	296	100.00	0.32	0.00	4541661	0	156	156	170756	170756	29113	29113	550789	550789	40.8	2.53	89.33	11	4040	0	748	4	0	0	0
P_bablabjr010	c__Gammaproteobacteria (UID4787)	26	752	296	100.00	0.47	0.00	4873506	0	210	210	103769	103769	23207	23207	439453	439453	41.0	2.92	89.35	11	4453	0	746	6	0	0	0
P_bablabjr011	c__Gammaproteobacteria (UID4787)	26	752	296	100.00	0.57	0.00	4929473	0	341	341	63408	63408	14455	14455	166120	166120	41.6	3.49	88.46	11	4474	0	748	3	1	0	0
P_citrea_DSM8771	c__Gammaproteobacteria (UID4787)	26	752	296	99.89	0.17	0.00	5434598	0	27	27	732536	732536	201281	201281	1164454	1164454	41.2	2.19	88.33	11	4579	1	750	1	0	0	0
P_citrea_S2231	c__Gammaproteobacteria (UID4787)	26	752	296	99.89	0.63	0.00	5334082	0	436	436	62248	62248	12234	12234	254507	254507	41.4	2.21	87.90	11	4658	1	745	5	1	0	0
P_citrea_S2233	c__Gammaproteobacteria (UID4787)	26	752	296	99.89	0.75	0.00	5325063	0	288	288	74450	74450	18489	18489	355793	355793	41.4	2.17	88.02	11	4589	1	746	5	0	0	0
P_distincta_16SW7	c__Gammaproteobacteria (UID4787)	26	752	296	100.00	0.51	0.00	4531445	0	2	2	3735685	3735685	2265722	2265722	3735685	3735685	39.3	0.36	87.51	11	3925	0	750	2	0	0	0
P_distincta_22A13	c__Gammaproteobacteria (UID4787)	26	752	296	100.00	0.51	0.00	4392370	0	115	115	141399	141399	38194	38194	440098	440098	39.1	2.69	88.27	11	3948	0	750	2	0	0	0
P_distincta_ATCC700518	c__Gammaproteobacteria (UID4787)	26	752	296	100.00	0.17	0.00	4532748	35	32	33	240818	231890	141648	137354	916460	717990	39.2	0.59	87.79	11	3984	0	751	1	0	0	0
P_distincta_KMM3548	c__Gammaproteobacteria (UID4787)	26	752	296	99.66	0.17	0.00	4322351	0	22	22	759891	759891	196470	196470	787813	787813	39.2	5.14	87.89	11	3841	1	750	1	0	0	0
P_distincta_LMG14908	c__Gammaproteobacteria (UID4787)	26	752	296	100.00	0.17	0.00	4485450	600	37	43	243696	239112	121228	104298	656934	367767	39.2	3.56	87.92	11	3951	0	751	1	0	0	0
P_donghaensis_HJ51	c__Gammaproteobacteria (UID4787)	26	752	296	100.00	0.86	0.00	4733916	0	3	3	3646857	3646857	1577972	1577972	3646857	3646857	41.6	0.75	88.80	11	4087	0	744	8	0	0	0
P_espejiana_DSM9414	c__Gammaproteobacteria (UID4787)	26	752	296	100.00	0.34	0.00	4500451	0	2	2	3720756	3720756	2250225	2250225	3720756	3720756	40.3	0.35	88.16	11	3970	0	750	2	0	0	0
P_flavipulchra_ATCCBAA314	c__Gammaproteobacteria (UID4787)	26	752	296	99.89	1.75	72.73	5454522	0	25	25	432754	432754	218180	218180	816400	816400	43.3	2.75	88.77	11	4715	1	740	11	0	0	0
P_flavipulchra_LMG20361	c__Gammaproteobacteria (UID4787)	26	752	296	99.89	0.89	0.00	5398346	0	88	88	337863	337863	61344	61344	460052	460052	43.2	4.62	88.77	11	4725	1	745	6	0	0	0
P_flavipulchra_NCIMB2033	c__Gammaproteobacteria (UID4787)	26	752	296	99.89	0.90	50.00	5441065	0	10	10	948187	948187	544106	544106	1858647	1858647	43.3	1.04	88.74	11	4732	1	745	6	0	0	0
P_flavipulchra_S1925	c__Gammaproteobacteria (UID4787)	26	752	296	99.86	1.58	16.67	5426994	0	348	348	122482	122482	15594	15594	350280	350280	43.4	3.31	88.97	11	4830	2	744	6	0	0	0
P_flavipulchra_SCSIO43202	c__Gammaproteobacteria (UID4787)	26	752	296	100.00	0.56	0.00	5416459	0	2	2	4113663	4113663	2708229	2708229	4113663	4113663	43.4	0.48	88.21	11	4634	0	749	3	0	0	0
P_fuliginea_KMM216	c__Gammaproteobacteria (UID4787)	26	752	296	100.00	0.77	0.00	4766895	0	314	314	65638	65638	15181	15181	205476	205476	38.9	1.86	87.21	11	4239	0	747	5	0	0	0
P_fuliginea_S2292	c__Gammaproteobacteria (UID4787)	26	752	296	100.00	0.77	0.00	4733663	0	281	281	59763	59763	16845	16845	166005	166005	38.9	2.00	87.35	11	4173	0	747	5	0	0	0
P_galatheae_S4498	c__Gammaproteobacteria (UID4787)	26	752	296	99.89	0.38	0.00	5366397	0	9	9	4061465	4061465	596266	596266	4061465	4061465	43.0	5.66	87.77	11	4668	1	747	4	0	0	0
P_gelatinilytica_NH153	c__Gammaproteobacteria (UID4787)	26	752	296	100.00	0.43	0.00	4797622	1128	23	35	409412	309767	208592	137042	931515	742774	41.4	2.63	89.63	11	4248	0	746	6	0	0	0
P_kknpp56	c__Gammaproteobacteria (UID4787)	26	752	296	100.00	1.69	87.50	3726361	0	115	115	69903	69903	32403	32403	174027	174027	40.3	1.41	87.19	11	3458	0	744	8	0	0	0
P_lipolytica_CSB02KR	c__Gammaproteobacteria (UID4787)	26	752	296	100.00	0.23	0.00	4387864	694	49	58	234255	194434	89548	75640	726296	431504	41.5	3.56	89.69	11	3844	0	750	2	0	0	0
P_lipolytica_LMEB39	c__Gammaproteobacteria (UID4787)	26	752	296	99.89	0.31	33.33	4570506	0	36	36	625411	625411	126958	126958	1143391	1143391	41.5	4.62	89.45	11	3996	1	748	3	0	0	0
P_luteoviolacea_2ta16	c__Gammaproteobacteria (UID4787)	26	752	296	100.00	0.17	0.00	6364400	2	137	137	173678	173678	46455	46455	567859	567859	42.3	2.27	87.37	11	5378	0	751	1	0	0	0
P_maricaloris_LMG19692	c__Gammaproteobacteria (UID4787)	26	752	296	99.89	0.46	0.00	5584065	0	116	116	266291	266291	48138	48138	762435	762435	43.1	3.82	88.71	11	4908	1	747	3	1	0	0
P_neustronica_PAMC28425	c__Gammaproteobacteria (UID4787)	26	752	296	100.00	0.84	0.00	4972584	0	66	66	313432	313432	75342	75342	729172	729172	39.7	3.55	87.53	11	4367	0	748	4	0	0	0
P_neustronica_SM1927	c__Gammaproteobacteria (UID4787)	26	752	296	100.00	0.75	0.00	5294841	197	66	68	215231	180472	80224	77862	386689	386689	40.4	2.80	88.28	11	4620	0	746	6	0	0	0
P_ostereae_hOe124	c__Gammaproteobacteria (UID4787)	26	752	296	99.66	1.45	9.09	4735317	0	2	2	3834397	3834397	2367658	2367658	3834397	3834397	40.4	0.29	87.28	11	4106	1	740	11	0	0	0
P_ostereae_hOe125	c__Gammaproteobacteria (UID4787)	26	752	296	99.66	1.45	9.09	4732895	0	2	2	3831966	3831966	2366447	2366447	3831966	3831966	40.4	0.29	87.29	11	4102	1	740	11	0	0	0
P_ostereae_hOe66	c__Gammaproteobacteria (UID4787)	26	752	296	99.66	1.45	9.09	4643030	0	101	101	181424	181424	45970	45970	325143	325143	40.3	2.98	88.25	11	4087	1	740	11	0	0	0
P_peptidolytica_DSM14001	c__Gammaproteobacteria (UID4787)	26	752	296	100.00	1.51	0.00	5123242	0	122	122	128830	128830	41993	41993	279912	279912	42.4	2.42	86.79	11	4325	0	742	9	1	0	0
P_peptidolytica_F1250A1	c__Gammaproteobacteria (UID4787)	26	752	296	100.00	1.46	0.00	5183489	0	34	34	754289	754289	152455	152455	1309995	1309995	42.5	1.60	87.01	11	4380	0	743	8	1	0	0
P_peptidolytica_NBRC101021	c__Gammaproteobacteria (UID4787)	26	752	296	100.00	1.46	0.00	5036479	0	313	313	27530	27530	16090	16090	108028	108028	42.4	1.99	87.99	11	4342	0	743	8	1	0	0
P_phenolica_KCTC12086	c__Gammaproteobacteria (UID4787)	26	752	296	99.66	1.01	20.00	4868993	0	2	2	3845520	3845520	2434496	2434496	3845520	3845520	40.6	0.57	88.36	11	4217	1	748	2	1	0	0
P_phenolica_OBC302	c__Gammaproteobacteria (UID4787)	26	752	296	99.66	1.01	20.00	4852163	0	8	8	1007183	1007183	606520	606520	1297686	1297686	40.5	1.28	88.66	11	4229	1	748	2	1	0	0
P_phenolica_S1093	c__Gammaproteobacteria (UID4787)	26	752	296	100.00	0.79	0.00	4566614	0	164	164	117384	117384	27845	27845	365908	365908	40.4	2.39	88.62	11	4087	0	748	4	0	0	0
P_phenolica_S1189	c__Gammaproteobacteria (UID4787)	26	752	296	100.00	3.01	19.23	4685668	0	489	489	118865	118865	9582	9582	311770	311770	40.4	2.52	88.71	11	4465	0	728	23	1	0	0
P_phenolica_S3663	c__Gammaproteobacteria (UID4787)	26	752	296	99.66	0.70	0.00	4682891	0	97	97	165376	165376	48277	48277	496170	496170	40.9	2.69	89.67	11	4118	1	747	4	0	0	0
P_phenolica_S3898	c__Gammaproteobacteria (UID4787)	26	752	296	100.00	1.05	0.00	4627838	0	221	221	63662	63662	20940	20940	227994	227994	40.3	2.56	88.71	11	4218	0	745	6	1	0	0
P_piratica_OCN003	c__Gammaproteobacteria (UID4761)	52	693	297	100.00	0.61	50.00	4815987	0	2	2	3197498	3197498	2407993	2407993	3197498	3197498	40.0	0.34	89.82	11	4345	0	687	6	0	0	0
P_porphyrae_MNAD16	c__Gammaproteobacteria (UID4787)	26	752	296	100.00	0.59	0.00	4586663	108	24	25	866707	866707	191110	183462	1981080	1981079	41.4	3.12	89.98	11	4045	0	748	4	0	0	0
P_rhizosphaerae_hCg42	c__Gammaproteobacteria (UID4787)	26	752	296	100.00	1.63	83.46	5358982	0	3	3	5331188	5331188	1786327	1786327	5331188	5331188	40.5	1.21	87.25	11	4600	0	744	7	0	0	1
P_rubra_DSM6842	c__Gammaproteobacteria (UID4787)	26	752	296	99.89	1.28	93.33	6143755	0	44	44	574146	574146	139630	139630	1388597	1388597	47.8	3.09	87.69	11	5136	1	740	9	2	0	0
P_rubra_S1946	c__Gammaproteobacteria (UID4787)	26	752	296	99.89	0.22	33.33	5616038	0	195	195	111037	111037	28800	28800	255131	255131	49.1	3.52	89.14	11	4706	1	748	3	0	0	0
P_rubra_S2471	c__Gammaproteobacteria (UID4787)	26	752	296	99.89	0.60	0.00	5760706	0	165	165	130408	130408	34913	34913	332381	332381	48.9	3.96	88.58	11	4893	1	747	4	0	0	0
P_rubra_SCSIO_6842	c__Gammaproteobacteria (UID4787)	26	752	296	99.89	0.48	0.00	5913780	0	3	3	4532889	4532889	1971260	1971260	4532889	4532889	47.7	3.11	87.59	11	4963	1	748	2	1	0	0
P_ruthenica_LMG19699	c__Gammaproteobacteria (UID4787)	26	752	296	99.70	1.91	50.00	4117705	0	2	2	3269379	3269379	2058852	2058852	3269379	3269379	47.5	0.05	89.93	11	3792	3	741	8	0	0	0
P_ruthenica_S2756	c__Gammaproteobacteria (UID4761)	52	693	297	100.00	0.28	0.00	3962600	0	68	68	153365	153365	58273	58273	303726	303726	47.5	2.05	90.63	11	3644	0	691	2	0	0	0
P_ruthenica_S3245	c__Gammaproteobacteria (UID4787)	26	752	296	100.00	2.77	11.11	4233197	0	343	343	230660	230660	12341	12341	421952	421952	47.2	2.12	90.36	11	4133	0	727	24	1	0	0
P_scap25	c__Gammaproteobacteria (UID4787)	26	752	296	100.00	0.72	0.00	4131315	0	2	2	3380429	3380429	2065657	2065657	3380429	3380429	40.0	0.39	88.02	11	3664	0	748	4	0	0	0
P_scap26	c__Gammaproteobacteria (UID4787)	26	752	296	100.00	0.72	0.00	4132063	0	2	2	3381174	3381174	2066031	2066031	3381174	3381174	40.0	0.39	88.01	11	3664	0	748	4	0	0	0
P_shioyasakiensis_28	c__Gammaproteobacteria (UID4787)	26	752	296	100.00	0.29	0.00	4506201	16	17	17	419182	419182	265070	265069	1203186	1203186	41.3	0.65	89.55	11	3981	0	748	4	0	0	0
P_shioyasakiensis_BMC2	c__Gammaproteobacteria (UID4787)	26	752	296	100.00	0.66	0.00	4723202	397	116	120	356239	233395	40717	39356	1047731	715531	41.2	3.47	89.62	11	4267	0	742	10	0	0	0
P_shioyasakiensis_BMC3	c__Gammaproteobacteria (UID4787)	26	752	296	100.00	1.02	0.00	4778331	390	222	226	346736	177210	21524	21141	701116	597589	41.2	3.55	89.52	11	4385	0	741	11	0	0	0
P_shioyasakiensis_BMC4	c__Gammaproteobacteria (UID4787)	26	752	296	100.00	0.68	0.00	4940092	98	202	203	124703	124703	24455	24334	580308	580308	41.1	2.60	89.02	11	4544	0	745	6	1	0	0
P_shioyasakiensis_BMC5	c__Gammaproteobacteria (UID4787)	26	752	296	100.00	0.43	0.00	4720321	492	109	114	356234	177210	43305	41402	1051766	715530	41.2	3.52	89.61	11	4253	0	746	6	0	0	0
P_shioyasakiensis_G21653S1	c__Gammaproteobacteria (UID4787)	26	752	296	100.00	0.93	0.00	4564730	0	128	128	157243	157243	35661	35661	446642	446642	41.4	3.12	89.74	11	4129	0	746	6	0	0	0
P_shioyasakiensis_LC2	c__Gammaproteobacteria (UID4787)	26	752	296	99.95	0.84	0.00	4693521	0	45	45	848348	848348	104300	104300	901888	901888	41.2	3.26	89.70	11	4175	1	743	8	0	0	0
P_shioyasakiensis_M1400201	c__Gammaproteobacteria (UID4787)	26	752	296	99.66	0.77	0.00	4746171	140	321	322	26879	26879	14785	14739	163638	163638	41.1	2.82	89.46	11	4273	1	741	10	0	0	0
P_spongiae_SAO44	c__Gammaproteobacteria (UID4761)	52	693	297	100.00	1.63	27.27	5099119	0	3	3	3282406	3282406	1699706	1699706	3282406	3282406	40.7	2.25	88.77	11	4642	0	682	11	0	0	0
P_spongiae_UST010723006	c__Gammaproteobacteria (UID4761)	52	693	297	100.00	0.47	0.00	4752413	0	2	2	3154175	3154175	2376206	2376206	3154175	3154175	40.9	0.26	89.02	11	4228	0	689	4	0	0	0
P_tetradonis_CSB01KR	c__Gammaproteobacteria (UID4787)	26	752	296	100.00	0.17	0.00	3675392	1388	49	75	196947	127656	75008	48986	816461	505639	40.3	2.43	87.40	11	3367	0	751	1	0	0	0
P_translucida_KMM520	c__Gammaproteobacteria (UID4787)	26	752	296	100.00	0.87	0.00	4147593	0	2	2	3390388	3390388	2073796	2073796	3390388	3390388	40.1	0.34	87.23	11	3676	0	747	5	0	0	0
P_tunicata_D2	c__Gammaproteobacteria (UID4761)	52	693	297	100.00	0.28	0.00	4959443	0	2	2	3978968	3978968	2479721	2479721	3978968	3978968	39.9	0.24	87.18	11	4222	0	691	2	0	0	0
P_undina_DSM6065	c__Gammaproteobacteria (UID4787)	26	752	296	100.00	0.51	33.33	4027610	0	4	4	2487699	2487699	1006902	1006902	2487699	2487699	40.0	0.41	88.61	11	3573	0	749	3	0	0	0
P_undina_NEM01	c__Gammaproteobacteria (UID4787)	26	752	296	100.00	0.42	0.00	4108019	0	2	2	3320003	3320003	2054009	2054009	3320003	3320003	40.0	0.42	88.35	11	3657	0	749	3	0	0	0
P_undina_NEM02	c__Gammaproteobacteria (UID4787)	26	752	296	100.00	0.42	0.00	4107746	0	2	2	3319730	3319730	2053873	2053873	3319730	3319730	40.0	0.42	88.36	11	3657	0	749	3	0	0	0
P_viridis_BBR56	c__Gammaproteobacteria (UID4787)	26	752	296	99.89	0.33	0.00	5549631	0	2	2	4248240	4248240	2774815	2774815	4248240	4248240	49.3	0.30	87.92	11	4632	1	747	4	0	0	0
P_xiamenensis_PSDB	c__Gammaproteobacteria (UID4787)	26	752	296	99.89	0.62	33.33	4598500	0	2	2	3679588	3679588	2299250	2299250	3679588	3679588	43.3	0.32	88.54	11	4171	1	748	3	0	0	0
